"2023-10-11 at 10:52"
System_Date_(Y-M-D)	System_Time_(h:m:s)	CO₂_(µmol_mol⁻¹)	H₂O_(mmol_mol⁻¹)	H₂O_(°C)	Cell_Temperature_(°C)	Cell_Pressure_(kPa)	CO₂_Absorption	H₂O_Absorption	Input_Voltage_(V)	Flow_Rate_(L_min⁻¹)	
2023-10-11	10:52:39	-2.07972e1	9.10621e-3	-6.73622e1	5.16201e1	7.57322e1	-4.6453475e-3	7.7188014e-5	2.4161577e1	7.6446537e-1	
2023-10-11	10:52:40	-2.05907e1	9.83942e-3	-6.68130e1	5.16201e1	7.56689e1	-4.5939683e-3	8.3327293e-5	2.4146471e1	7.6680469e-1	
2023-10-11	10:52:40	-2.06760e1	2.17687e-2	-6.09070e1	5.16134e1	7.56844e1	-4.6145915e-3	1.8417835e-4	2.4129686e1	7.5849971e-1	
2023-10-11	10:52:41	-2.06760e1	2.17687e-2	-6.09070e1	5.16134e1	7.56844e1	-4.6145915e-3	1.8417835e-4	2.4129686e1	7.5849971e-1	
2023-10-11	10:52:41	-2.03758e1	1.31409e-2	-6.47051e1	5.16134e1	7.56887e1	-4.5462846e-3	1.1128187e-4	2.4107866e1	7.7258086e-1	
2023-10-11	10:52:42	-2.06310e1	3.99620e-3	-7.30620e1	5.16167e1	7.56529e1	-4.6021938e-3	3.3855438e-5	2.4147310e1	7.7668218e-1	
2023-10-11	10:52:42	-2.12692e1	1.26086e-2	-6.50151e1	5.16167e1	7.56275e1	-4.7463178e-3	1.0669231e-4	2.4167451e1	7.7649354e-1	
2023-10-11	10:52:43	-2.02631e1	1.18962e-2	-6.54409e1	5.16201e1	7.56289e1	-4.5166015e-3	1.0067224e-4	2.4167451e1	7.7309374e-1	
2023-10-11	10:52:43	-2.08293e1	1.12454e-2	-6.58495e1	5.16234e1	7.56439e1	-4.6467781e-3	9.5188617e-5	2.4109544e1	7.5352869e-1	
2023-10-11	10:52:44	-2.08293e1	1.12454e-2	-6.58495e1	5.16234e1	7.56439e1	-4.6467781e-3	9.5188617e-5	2.4109544e1	7.5352869e-1	
2023-10-11	10:52:44	-2.15676e1	1.31054e-2	-6.47246e1	5.16268e1	7.56932e1	-4.8189163e-3	1.1098384e-4	2.4167451e1	7.4575119e-1	
2023-10-11	10:52:45	-2.06239e1	7.01488e-3	-6.92055e1	5.16234e1	7.57484e1	-4.6067237e-3	5.9485435e-5	2.4117097e1	7.4459867e-1	
2023-10-11	10:52:45	-2.04164e1	1.69267e-2	-6.28075e1	5.16168e1	7.58164e1	-4.5638084e-3	1.4352798e-4	2.4169969e1	7.3320436e-1	
2023-10-11	10:52:46	-2.02496e1	6.28496e-3	-6.99648e1	5.16168e1	7.58130e1	-4.5254230e-3	5.3346157e-5	2.4177522e1	7.6438212e-1	
2023-10-11	10:52:46	-2.05321e1	1.05324e-2	-6.63144e1	5.16134e1	7.57499e1	-4.5859813e-3	8.9287757e-5	2.4116258e1	7.4314117e-1	
2023-10-11	10:52:47	-2.05321e1	1.05324e-2	-6.63144e1	5.16134e1	7.57499e1	-4.5859813e-3	8.9287757e-5	2.4116258e1	7.4314117e-1	
2023-10-11	10:52:47	-2.06805e1	1.95090e-2	-6.17370e1	5.16134e1	7.57705e1	-4.6212673e-3	1.6528367e-4	2.4131364e1	7.3750877e-1	
2023-10-11	10:52:48	-2.00955e1	1.50349e-2	-6.36961e1	5.16134e1	7.58057e1	-4.4897794e-3	1.2749433e-4	2.4158220e1	7.5841159e-1	
2023-10-11	10:52:48	-2.01947e1	1.18662e-2	-6.54455e1	5.16101e1	7.57730e1	-4.5104026e-3	1.0061264e-4	2.4126329e1	7.4997801e-1	
2023-10-11	10:52:49	-2.05846e1	1.51005e-2	-6.36681e1	5.16168e1	7.57602e1	-4.5986175e-3	1.2797117e-4	2.4161577e1	7.5575199e-1	
2023-10-11	10:52:49	-2.05879e1	1.16378e-2	-6.55895e1	5.16201e1	7.57497e1	-4.5986175e-3	9.8645687e-5	2.4143953e1	7.5846128e-1	
2023-10-11	10:52:50	-2.05879e1	1.16378e-2	-6.55895e1	5.16201e1	7.57497e1	-4.5986175e-3	9.8645687e-5	2.4143953e1	7.5846128e-1	
2023-10-11	10:52:50	-2.05434e1	1.58517e-2	-6.33075e1	5.16201e1	7.57392e1	-4.5877695e-3	1.3428926e-4	2.4136400e1	7.5772542e-1	
2023-10-11	10:52:51	-2.08653e1	6.28779e-3	-6.99726e1	5.16168e1	7.56942e1	-4.6584606e-3	5.3286552e-5	2.4167451e1	7.6865310e-1	
2023-10-11	10:52:51	-2.12511e1	7.81523e-3	-6.84515e1	5.16167e1	7.56939e1	-4.7466754e-3	6.6220760e-5	2.4118776e1	7.5920181e-1	
2023-10-11	10:52:52	-2.11456e1	1.22709e-2	-6.52063e1	5.16168e1	7.57089e1	-4.7235488e-3	1.0395050e-4	2.4117937e1	7.5494585e-1	
2023-10-11	10:52:52	-2.05901e1	1.16148e-2	-6.56073e1	5.16134e1	7.57147e1	-4.5969486e-3	9.8407268e-5	2.4172487e1	7.6638274e-1	
2023-10-11	10:52:53	-2.05901e1	1.16148e-2	-6.56073e1	5.16134e1	7.57147e1	-4.5969486e-3	9.8407268e-5	2.4172487e1	7.6638274e-1	
2023-10-11	10:52:53	-2.03500e1	1.25721e-2	-6.50314e1	5.16234e1	7.56787e1	-4.5396089e-3	1.0645389e-4	2.4118776e1	7.5048375e-1	
2023-10-11	10:52:54	-2.07387e1	1.77871e-2	-6.24430e1	5.16201e1	7.57217e1	-4.6312808e-3	1.5062093e-4	2.4164934e1	7.4139394e-1	
2023-10-11	10:52:54	-2.03534e1	9.26946e-3	-6.72308e1	5.16168e1	7.57777e1	-4.5468807e-3	7.8618526e-5	2.4117097e1	7.4068727e-1	
2023-10-11	10:52:55	-1.99760e1	8.03857e-3	-6.82445e1	5.16168e1	7.57785e1	-4.4606924e-3	6.8187713e-5	2.4143114e1	7.3928546e-1	
2023-10-11	10:52:55	-2.04909e1	1.46047e-2	-6.39115e1	5.16201e1	7.58115e1	-4.5804977e-3	1.2385845e-4	2.4145631e1	7.4062066e-1	
2023-10-11	10:52:56	-2.04276e1	8.68424e-3	-6.76950e1	5.16234e1	7.57917e1	-4.5646429e-3	7.3671340e-5	2.4170808e1	7.6122350e-1	
2023-10-11	10:52:56	-2.02420e1	1.12577e-2	-6.58314e1	5.16201e1	7.57499e1	-4.5195817e-3	9.5427036e-5	2.4127168e1	7.4935297e-1	
2023-10-11	10:52:57	-2.10567e1	1.83351e-2	-6.22096e1	5.16201e1	7.57590e1	-4.7065019e-3	1.5532970e-4	2.4164094e1	7.4001116e-1	
2023-10-11	10:52:57	-2.09874e1	1.82895e-2	-6.22242e1	5.16201e1	7.58020e1	-4.6935081e-3	1.5503168e-4	2.4143953e1	7.4092273e-1	
2023-10-11	10:52:58	-2.10793e1	1.30361e-2	-6.47526e1	5.16168e1	7.58069e1	-4.7149658e-3	1.1056661e-4	2.4137239e1	7.4138965e-1	
2023-10-11	10:52:58	-2.10793e1	1.30361e-2	-6.47526e1	5.16168e1	7.58069e1	-4.7149658e-3	1.1056661e-4	2.4137239e1	7.4138965e-1	
2023-10-11	10:52:59	-2.04785e1	8.04392e-3	-6.82384e1	5.16134e1	7.57935e1	-4.5765638e-3	6.8247318e-5	2.4163255e1	7.5483379e-1	
2023-10-11	10:52:59	-2.07816e1	1.69849e-2	-6.27857e1	5.16134e1	7.57760e1	-4.6447515e-3	1.4394521e-4	2.4111223e1	7.4411110e-1	
2023-10-11	10:53:00	-2.09200e1	1.40191e-2	-6.42184e1	5.16101e1	7.57789e1	-4.6766996e-3	1.1885166e-4	2.4152345e1	7.4776897e-1	
2023-10-11	10:53:00	-2.00948e1	1.26944e-2	-6.49498e1	5.16134e1	7.57877e1	-4.4884681e-3	1.0764598e-4	2.4115419e1	7.4010705e-1	
2023-10-11	10:53:01	-2.13709e1	1.25409e-2	-6.50768e1	5.16234e1	7.53994e1	-4.7539472e-3	1.0579824e-4	2.4113740e1	7.3568706e-1	
2023-10-11	10:53:01	-2.13709e1	1.25409e-2	-6.50768e1	5.16234e1	7.53994e1	-4.7539472e-3	1.0579824e-4	2.4113740e1	7.3568706e-1	
2023-10-11	10:53:02	-2.20565e1	2.20516e-2	-6.08497e1	5.16168e1	7.52727e1	-4.9015283e-3	1.8554925e-4	2.4131364e1	7.2980241e-1	
2023-10-11	10:53:02	-2.11099e1	2.12060e-2	-6.11547e1	5.16201e1	7.52262e1	-4.6828985e-3	1.7833709e-4	2.4167451e1	7.3778820e-1	
2023-10-11	10:53:03	-2.00046e1	1.55017e-2	-6.35335e1	5.16201e1	7.51437e1	-4.4268369e-3	1.3029575e-4	2.4163255e1	7.5496778e-1	
2023-10-11	10:53:03	-2.16944e1	2.24889e-2	-6.07194e1	5.16167e1	7.50687e1	-4.8049688e-3	1.8870830e-4	2.4138078e1	7.3780460e-1	
2023-10-11	10:53:04	-2.04468e1	1.29279e-2	-6.48847e1	5.16201e1	7.50814e1	-4.5229196e-3	1.0859966e-4	2.4119615e1	7.3532581e-1	
2023-10-11	10:53:04	-2.04468e1	1.29279e-2	-6.48847e1	5.16201e1	7.50814e1	-4.5229196e-3	1.0859966e-4	2.4119615e1	7.3532581e-1	
2023-10-11	10:53:05	-1.93134e1	-3.40252e-4	-2.73149e2	5.16168e1	7.50547e1	-4.2650699e-3	-2.8610229e-6	2.4164934e1	7.5797691e-1	
2023-10-11	10:53:05	-2.01188e1	3.19314e-4	-8.84592e1	5.16134e1	7.49820e1	-4.4424533e-3	2.6822090e-6	2.4146471e1	7.5920267e-1	
2023-10-11	10:53:06	-2.11659e1	1.63654e-2	-6.31460e1	5.16201e1	7.49612e1	-4.6777725e-3	1.3720989e-4	2.4100313e1	7.4857711e-1	
2023-10-11	10:53:06	-2.05792e1	1.53374e-2	-6.36367e1	5.16201e1	7.49052e1	-4.5413970e-3	1.2850761e-4	2.4154024e1	7.6488647e-1	
2023-10-11	10:53:07	-2.07852e1	1.83806e-2	-6.22798e1	5.16168e1	7.48750e1	-4.5859813e-3	1.5389919e-4	2.4159059e1	7.7051534e-1	
2023-10-11	10:53:07	-2.07852e1	1.83806e-2	-6.22798e1	5.16168e1	7.48750e1	-4.5859813e-3	1.5389919e-4	2.4159059e1	7.7051534e-1	
2023-10-11	10:53:08	-2.06391e1	1.58269e-2	-6.34079e1	5.16168e1	7.48472e1	-4.5511722e-3	1.3250112e-4	2.4168291e1	7.7073469e-1	
2023-10-11	10:53:08	-2.08806e1	1.44177e-2	-6.41037e1	5.16134e1	7.48332e1	-4.6048164e-3	1.2069940e-4	2.4147310e1	7.7517819e-1	
2023-10-11	10:53:09	-2.10865e1	1.55218e-2	-6.35573e1	5.16234e1	7.48067e1	-4.6494007e-3	1.2987852e-4	2.4140596e1	7.7453451e-1	
2023-10-11	10:53:09	-2.02701e1	9.50593e-3	-6.71443e1	5.16168e1	7.47907e1	-4.4642686e-3	7.9572200e-5	2.4155702e1	7.6826338e-1	
2023-10-11	10:53:10	-2.10022e1	1.26755e-2	-6.50562e1	5.16168e1	7.48082e1	-4.6305656e-3	1.0609626e-4	2.4174165e1	7.6922965e-1	
2023-10-11	10:53:10	-2.10022e1	1.26755e-2	-6.50562e1	5.16168e1	7.48082e1	-4.6305656e-3	1.0609626e-4	2.4174165e1	7.6922965e-1	
2023-10-11	10:53:11	-2.13658e1	1.91742e-2	-6.19655e1	5.16201e1	7.48124e1	-4.7129392e-3	1.6039609e-4	2.4165773e1	7.7227187e-1	
2023-10-11	10:53:11	-2.07000e1	1.11449e-2	-6.59967e1	5.16201e1	7.47947e1	-4.5614242e-3	9.3281269e-5	2.4133043e1	7.7459664e-1	
2023-10-11	10:53:12	-2.12667e1	1.66621e-2	-6.30294e1	5.16201e1	7.47802e1	-4.6883821e-3	1.3935565e-4	2.4145631e1	7.7570033e-1	
2023-10-11	10:53:12	-2.10233e1	1.63416e-2	-6.31753e1	5.16234e1	7.47777e1	-4.6331882e-3	1.3667345e-4	2.4155702e1	7.6879129e-1	
2023-10-11	10:53:13	-2.06916e1	1.52099e-2	-6.37097e1	5.16201e1	7.47962e1	-4.5596361e-3	1.2725591e-4	2.4159898e1	7.7388334e-1	
2023-10-11	10:53:13	-2.06916e1	1.52099e-2	-6.37097e1	5.16201e1	7.47962e1	-4.5596361e-3	1.2725591e-4	2.4159898e1	7.7388334e-1	
2023-10-11	10:53:14	-2.06006e1	1.96110e-2	-6.17975e1	5.16201e1	7.47805e1	-4.5380592e-3	1.6397237e-4	2.4167451e1	7.6643033e-1	
2023-10-11	10:53:14	-2.08629e1	1.77744e-2	-6.25394e1	5.16134e1	7.48145e1	-4.5995712e-3	1.4871358e-4	2.4163255e1	7.6606345e-1	
2023-10-11	10:53:15	-2.07857e1	2.23757e-2	-6.07832e1	5.16101e1	7.48264e1	-4.5830011e-3	1.8715858e-4	2.4172487e1	7.4327888e-1	
2023-10-11	10:53:15	-2.11712e1	2.50048e-2	-5.99172e1	5.16168e1	7.48912e1	-4.6743154e-3	2.0927190e-4	2.4149827e1	7.3563814e-1	
2023-10-11	10:53:16	-2.06139e1	1.61567e-2	-6.32413e1	5.16134e1	7.49697e1	-4.5535564e-3	1.3548135e-4	2.4115419e1	7.3713355e-1	
2023-10-11	10:53:16	-2.06139e1	1.61567e-2	-6.32413e1	5.16134e1	7.49697e1	-4.5535564e-3	1.3548135e-4	2.4115419e1	7.3713355e-1	
2023-10-11	10:53:17	-2.13715e1	9.06733e-3	-6.74679e1	5.16134e1	7.49392e1	-4.7229528e-3	7.6055526e-5	2.4129686e1	7.4214401e-1	
2023-10-11	10:53:17	-2.13952e1	1.77699e-2	-6.25273e1	5.16134e1	7.49532e1	-4.7292709e-3	1.4895200e-4	2.4171648e1	7.4022603e-1	
2023-10-11	10:53:18	-2.11868e1	1.46030e-2	-6.39942e1	5.16201e1	7.49812e1	-4.6838521e-3	1.2248754e-4	2.4106187e1	7.3990874e-1	
2023-10-11	10:53:18	-2.11341e1	1.70587e-2	-6.28324e1	5.16167e1	7.49804e1	-4.6719312e-3	1.4305114e-4	2.4147310e1	7.3449878e-1	
2023-10-11	10:53:19	-2.09418e1	2.03373e-2	-6.14953e1	5.16201e1	7.50247e1	-4.6312808e-3	1.7058849e-4	2.4144792e1	7.3506345e-1	
2023-10-11	10:53:19	-2.09418e1	2.03373e-2	-6.14953e1	5.16201e1	7.50247e1	-4.6312808e-3	1.7058849e-4	2.4144792e1	7.3506345e-1	
2023-10-11	10:53:20	-2.08671e1	1.07787e-2	-6.62228e1	5.16201e1	7.49612e1	-4.6101808e-3	9.0420246e-5	2.4107027e1	7.4076342e-1	
2023-10-11	10:53:20	-2.16524e1	1.67040e-2	-6.29908e1	5.16234e1	7.49765e1	-4.7889947e-3	1.4007091e-4	2.4145631e1	7.3630070e-1	
2023-10-11	10:53:21	-2.07176e1	1.95077e-2	-6.18142e1	5.16201e1	7.50117e1	-4.5796632e-3	1.6361474e-4	2.4108705e1	7.3784546e-1	
2023-10-11	10:53:21	-2.00851e1	1.72843e-2	-6.27325e1	5.16201e1	7.49909e1	-4.4353008e-3	1.4495849e-4	2.4165773e1	7.5571198e-1	
2023-10-11	10:53:22	-2.01591e1	1.30299e-2	-6.48403e1	5.16201e1	7.49437e1	-4.4490098e-3	1.0925531e-4	2.4139757e1	7.5861573e-1	
2023-10-11	10:53:22	-2.07632e1	1.80418e-2	-6.24160e1	5.16168e1	7.49195e1	-4.5839548e-3	1.5115737e-4	2.4124650e1	7.4823431e-1	
2023-10-11	10:53:23	-2.09670e1	2.27745e-2	-6.06368e1	5.16201e1	7.49262e1	-4.6304464e-3	1.9073486e-4	2.4118776e1	7.6610779e-1	
2023-10-11	10:53:23	-2.06595e1	1.59999e-2	-6.33242e1	5.16134e1	7.48707e1	-4.5573711e-3	1.3399124e-4	2.4132204e1	7.7448911e-1	
2023-10-11	10:53:24	-2.12049e1	1.60588e-2	-6.33010e1	5.16101e1	7.48280e1	-4.6777725e-3	1.3440847e-4	2.4110383e1	7.7457695e-1	
2023-10-11	10:53:24	-2.03701e1	1.37362e-2	-6.44674e1	5.16201e1	7.47802e1	-4.4860839e-3	1.1491775e-4	2.4151506e1	7.7822804e-1	
2023-10-11	10:53:25	-2.03701e1	1.37362e-2	-6.44674e1	5.16201e1	7.47802e1	-4.4860839e-3	1.1491775e-4	2.4151506e1	7.7822804e-1	
2023-10-11	10:53:25	-2.03883e1	1.81119e-2	-6.24011e1	5.16168e1	7.47772e1	-4.4900178e-3	1.5145540e-4	2.4134721e1	7.5276107e-1	
2023-10-11	10:53:26	-2.09699e1	1.71616e-2	-6.28009e1	5.16234e1	7.48440e1	-4.6255588e-3	1.4364719e-4	2.4173326e1	7.4766497e-1	
2023-10-11	10:53:26	-2.07065e1	1.24695e-2	-6.51683e1	5.16234e1	7.48909e1	-4.5691728e-3	1.0448694e-4	2.4146471e1	7.5763835e-1	
2023-10-11	10:53:27	-2.09803e1	1.87865e-2	-6.21111e1	5.16167e1	7.49057e1	-4.6321153e-3	1.5735626e-4	2.4148988e1	7.6014738e-1	
2023-10-11	10:53:27	-2.11626e1	1.59994e-2	-6.33241e1	5.16167e1	7.48740e1	-4.6712160e-3	1.3399124e-4	2.4164934e1	7.6112275e-1	
2023-10-11	10:53:28	-2.11626e1	1.59994e-2	-6.33241e1	5.16167e1	7.48740e1	-4.6712160e-3	1.3399124e-4	2.4164934e1	7.6112275e-1	
2023-10-11	10:53:28	-2.08878e1	1.60579e-2	-6.32976e1	5.16134e1	7.48662e1	-4.6086311e-3	1.3446807e-4	2.4177522e1	7.6427559e-1	
2023-10-11	10:53:29	-2.07418e1	2.11102e-2	-6.12270e1	5.16134e1	7.48580e1	-4.5751333e-3	1.7666816e-4	2.4112901e1	7.4903411e-1	
2023-10-11	10:53:29	-2.13973e1	2.15842e-2	-6.10527e1	5.16167e1	7.48980e1	-4.7259330e-3	1.8072128e-4	2.4160737e1	7.4155349e-1	
2023-10-11	10:53:30	-2.07677e1	1.60854e-2	-6.32775e1	5.16201e1	7.49390e1	-4.5862197e-3	1.3482570e-4	2.4137239e1	7.4918007e-1	
2023-10-11	10:53:30	-2.08377e1	1.55050e-2	-6.35541e1	5.16168e1	7.49207e1	-4.6008825e-3	1.2993812e-4	2.4128007e1	7.6607818e-1	
2023-10-11	10:53:31	-2.08377e1	1.55050e-2	-6.35541e1	5.16168e1	7.49207e1	-4.6008825e-3	1.2993812e-4	2.4128007e1	7.6607818e-1	
2023-10-11	10:53:31	-2.04873e1	1.51823e-2	-6.37167e1	5.16201e1	7.48617e1	-4.5177936e-3	1.2713670e-4	2.4153184e1	7.6755313e-1	
2023-10-11	10:53:32	-2.08787e1	1.77319e-2	-6.25544e1	5.16201e1	7.48447e1	-4.6050548e-3	1.4841556e-4	2.4172487e1	7.6411509e-1	
2023-10-11	10:53:32	-2.08306e1	1.44031e-2	-6.41073e1	5.16168e1	7.48729e1	-4.5961141e-3	1.2063980e-4	2.4137239e1	7.5380711e-1	
2023-10-11	10:53:33	-2.02837e1	1.33609e-2	-6.46616e1	5.16168e1	7.48834e1	-4.4733285e-3	1.1193752e-4	2.4132204e1	7.6673040e-1	
2023-10-11	10:53:33	-2.04380e1	1.82658e-2	-6.23299e1	5.16134e1	7.48479e1	-4.5058727e-3	1.5288591e-4	2.4101152e1	7.7090311e-1	
2023-10-11	10:53:34	-2.04380e1	1.82658e-2	-6.23299e1	5.16134e1	7.48479e1	-4.5058727e-3	1.5288591e-4	2.4101152e1	7.7090311e-1	
2023-10-11	10:53:34	-2.10512e1	1.72160e-2	-6.27793e1	5.16101e1	7.48212e1	-4.6426057e-3	1.4406442e-4	2.4152345e1	7.7884902e-1	
2023-10-11	10:53:35	-2.12247e1	1.77654e-2	-6.25454e1	5.16167e1	7.47932e1	-4.6797990e-3	1.4859437e-4	2.4143953e1	7.7895684e-1	
2023-10-11	10:53:35	-2.11647e1	2.45930e-2	-6.00536e1	5.16168e1	7.48192e1	-4.6679973e-3	2.0563602e-4	2.4127168e1	7.6043148e-1	
2023-10-11	10:53:36	-2.04791e1	1.59956e-2	-6.33307e1	5.16234e1	7.48267e1	-4.5136213e-3	1.3387203e-4	2.4119615e1	7.7145261e-1	
2023-10-11	10:53:36	-1.99579e1	1.21127e-2	-6.53889e1	5.16234e1	7.48075e1	-4.3948888e-3	1.0138750e-4	2.4133043e1	7.7660517e-1	
2023-10-11	10:53:37	-1.99579e1	1.21127e-2	-6.53889e1	5.16234e1	7.48075e1	-4.3948888e-3	1.0138750e-4	2.4133043e1	7.7660517e-1	
2023-10-11	10:53:37	-2.06293e1	8.25929e-3	-6.81460e1	5.16167e1	7.47865e1	-4.5449733e-3	6.9141387e-5	2.4149827e1	7.8458232e-1	
2023-10-11	10:53:38	-2.10158e1	1.55815e-2	-6.35335e1	5.16168e1	7.47587e1	-4.6303272e-3	1.3029575e-4	2.4111223e1	7.5659217e-1	
2023-10-11	10:53:38	-2.10828e1	1.87342e-2	-6.21400e1	5.16134e1	7.48292e1	-4.6502351e-3	1.5676021e-4	2.4120454e1	7.5510306e-1	
2023-10-11	10:53:39	-2.04918e1	1.33589e-2	-6.46655e1	5.16167e1	7.48544e1	-4.5183897e-3	1.1187791e-4	2.4152345e1	7.6261596e-1	
2023-10-11	10:53:39	-2.04118e1	2.11944e-2	-6.11985e1	5.16167e1	7.48387e1	-4.4993162e-3	1.7732381e-4	2.4172487e1	7.6418437e-1	
2023-10-11	10:53:40	-2.04118e1	2.11944e-2	-6.11985e1	5.16167e1	7.48387e1	-4.4993162e-3	1.7732381e-4	2.4172487e1	7.6418437e-1	
2023-10-11	10:53:40	-2.06331e1	1.71040e-2	-6.28260e1	5.16201e1	7.48452e1	-4.5496225e-3	1.4317035e-4	2.4167451e1	7.6438279e-1	
2023-10-11	10:53:41	-2.10642e1	2.25660e-2	-6.07096e1	5.16201e1	7.49079e1	-4.6511888e-3	1.8894672e-4	2.4154024e1	7.3743729e-1	
2023-10-11	10:53:41	-2.05815e1	1.46617e-2	-6.39654e1	5.16168e1	7.49714e1	-4.5462846e-3	1.2296438e-4	2.4171648e1	7.4033493e-1	
2023-10-11	10:53:42	-2.06779e1	7.93459e-3	-6.84134e1	5.16168e1	7.49587e1	-4.5672655e-3	6.6578388e-5	2.4168291e1	7.4555296e-1	
2023-10-11	10:53:42	-2.06633e1	1.21156e-2	-6.53718e1	5.16201e1	7.49644e1	-4.5642852e-3	1.0162591e-4	2.4133043e1	7.3915486e-1	
2023-10-11	10:53:43	-2.06633e1	1.21156e-2	-6.53718e1	5.16201e1	7.49644e1	-4.5642852e-3	1.0162591e-4	2.4133043e1	7.3915486e-1	
2023-10-11	10:53:43	-2.05927e1	1.99312e-2	-6.16520e1	5.16134e1	7.49974e1	-4.5505762e-3	1.6713142e-4	2.4112901e1	7.3435540e-1	
2023-10-11	10:53:44	-2.06286e1	1.18682e-2	-6.55192e1	5.16167e1	7.49982e1	-4.5586824e-3	9.9599361e-5	2.4111223e1	7.2800874e-1	
2023-10-11	10:53:44	-2.09113e1	1.36161e-2	-6.45058e1	5.16201e1	7.50477e1	-4.6259164e-3	1.1432170e-4	2.4164094e1	7.3306651e-1	
2023-10-11	10:53:45	-1.97673e1	1.27889e-2	-6.49700e1	5.16168e1	7.50207e1	-4.3654441e-3	1.0734796e-4	2.4165773e1	7.5853681e-1	
2023-10-11	10:53:45	-2.08339e1	1.60595e-2	-6.32876e1	5.16134e1	7.49585e1	-4.6025514e-3	1.3464689e-4	2.4127168e1	7.4022002e-1	
2023-10-11	10:53:46	-2.17380e1	1.97016e-2	-6.17424e1	5.16134e1	7.49767e1	-4.8085451e-3	1.6516447e-4	2.4155702e1	7.3645949e-1	
2023-10-11	10:53:46	-2.05355e1	1.70929e-2	-6.28137e1	5.16134e1	7.50169e1	-4.5388936e-3	1.4340877e-4	2.4117937e1	7.3680152e-1	
2023-10-11	10:53:47	-2.02274e1	1.71757e-2	-6.27792e1	5.16168e1	7.49982e1	-4.4679641e-3	1.4406442e-4	2.4170808e1	7.5264940e-1	
2023-10-11	10:53:47	-2.04784e1	1.54688e-2	-6.35679e1	5.16134e1	7.49572e1	-4.5220851e-3	1.2969970e-4	2.4120454e1	7.4405722e-1	
2023-10-11	10:53:48	-2.11010e1	1.36706e-2	-6.44828e1	5.16168e1	7.49820e1	-4.6645402e-3	1.1467933e-4	2.4140596e1	7.4395422e-1	
2023-10-11	10:53:48	-2.11010e1	1.36706e-2	-6.44828e1	5.16168e1	7.49820e1	-4.6645402e-3	1.1467933e-4	2.4140596e1	7.4395422e-1	
2023-10-11	10:53:49	-2.04645e1	6.53308e-3	-6.97734e1	5.16168e1	7.49727e1	-4.5199394e-3	5.4836273e-5	2.4169969e1	7.3919391e-1	
2023-10-11	10:53:49	-2.04012e1	1.67802e-2	-6.29558e1	5.16168e1	7.49842e1	-4.5063495e-3	1.4072656e-4	2.4143114e1	7.5264143e-1	
2023-10-11	10:53:50	-2.05791e1	1.77129e-2	-6.25515e1	5.16167e1	7.49542e1	-4.5446157e-3	1.4847517e-4	2.4112062e1	7.4620733e-1	
2023-10-11	10:53:50	-2.07581e1	1.63563e-2	-6.31590e1	5.16234e1	7.48732e1	-4.5796632e-3	1.3697147e-4	2.4169130e1	7.6195936e-1	
2023-10-11	10:53:51	-2.10904e1	1.43601e-2	-6.41293e1	5.16201e1	7.48747e1	-4.6548843e-3	1.2028217e-4	2.4164934e1	7.6769785e-1	
2023-10-11	10:53:51	-2.10904e1	1.43601e-2	-6.41293e1	5.16201e1	7.48747e1	-4.6548843e-3	1.2028217e-4	2.4164934e1	7.6769785e-1	
2023-10-11	10:53:52	-2.09176e1	1.42999e-2	-6.41625e1	5.16167e1	7.48535e1	-4.6144723e-3	1.1974573e-4	2.4138917e1	7.5915060e-1	
2023-10-11	10:53:52	-2.08179e1	1.59347e-2	-6.33541e1	5.16201e1	7.48775e1	-4.5934915e-3	1.3345479e-4	2.4107027e1	7.4938926e-1	
2023-10-11	10:53:53	-2.11511e1	1.47401e-2	-6.39329e1	5.16201e1	7.48992e1	-4.6702623e-3	1.2350082e-4	2.4122133e1	7.6174969e-1	
2023-10-11	10:53:53	-2.04417e1	1.42123e-2	-6.42106e1	5.16201e1	7.48274e1	-4.5052766e-3	1.1897087e-4	2.4137239e1	7.7355008e-1	
2023-10-11	10:53:54	-2.12624e1	1.36742e-2	-6.44982e1	5.16167e1	7.48065e1	-4.6892166e-3	1.1444091e-4	2.4097795e1	7.8044033e-1	
2023-10-11	10:53:54	-2.12624e1	1.36742e-2	-6.44982e1	5.16167e1	7.48065e1	-4.6892166e-3	1.1444091e-4	2.4097795e1	7.8044033e-1	
2023-10-11	10:53:55	-2.09025e1	1.06406e-2	-6.63336e1	5.16168e1	7.47812e1	-4.6062469e-3	8.9049339e-5	2.4151506e1	7.8744649e-1	
2023-10-11	10:53:55	-2.08309e1	1.64569e-2	-6.31266e1	5.16134e1	7.47379e1	-4.5872926e-3	1.3756752e-4	2.4168291e1	7.8485565e-1	
2023-10-11	10:53:56	-2.16764e1	2.21199e-2	-6.08743e1	5.16201e1	7.48002e1	-4.7823190e-3	1.8495321e-4	2.4140596e1	7.5462369e-1	
2023-10-11	10:53:56	-2.07332e1	1.80540e-2	-6.24187e1	5.16268e1	7.48417e1	-4.5719146e-3	1.5109777e-4	2.4123811e1	7.6882719e-1	
2023-10-11	10:53:57	-2.02760e1	1.51129e-2	-6.37552e1	5.16234e1	7.48180e1	-4.4672489e-3	1.2648105e-4	2.4126329e1	7.7850575e-1	
2023-10-11	10:53:57	-2.02760e1	1.51129e-2	-6.37552e1	5.16234e1	7.48180e1	-4.4672489e-3	1.2648105e-4	2.4126329e1	7.7850575e-1	
2023-10-11	10:53:58	-2.08492e1	1.52415e-2	-6.36958e1	5.16201e1	7.47815e1	-4.5942068e-3	1.2749433e-4	2.4118776e1	7.7153291e-1	
2023-10-11	10:53:58	-2.10766e1	2.13198e-2	-6.11574e1	5.16134e1	7.47987e1	-4.6467781e-3	1.7827749e-4	2.4112062e1	7.6689519e-1	
2023-10-11	10:53:59	-2.06070e1	8.13002e-3	-6.82567e1	5.16201e1	7.47965e1	-4.5405626e-3	6.8068504e-5	2.4135560e1	7.6976966e-1	
2023-10-11	10:53:59	-2.10097e1	1.20350e-2	-6.54365e1	5.16201e1	7.48017e1	-4.6317577e-3	1.0073184e-4	2.4143114e1	7.7400755e-1	
2023-10-11	10:54:00	-2.05255e1	1.34477e-2	-6.46224e1	5.16167e1	7.47965e1	-4.5222043e-3	1.1253356e-4	2.4114580e1	7.7093868e-1	
2023-10-11	10:54:00	-2.05255e1	1.34477e-2	-6.46224e1	5.16167e1	7.47965e1	-4.5222043e-3	1.1253356e-4	2.4114580e1	7.7093868e-1	
2023-10-11	10:54:01	-2.06061e1	1.12015e-2	-6.59598e1	5.16134e1	7.47965e1	-4.5404434e-3	9.3758106e-5	2.4137239e1	7.6617488e-1	
2023-10-11	10:54:01	-2.10413e1	2.17694e-2	-6.09970e1	5.16167e1	7.48010e1	-4.6389102e-3	1.8203258e-4	2.4106187e1	7.6769170e-1	
2023-10-11	10:54:02	-2.10782e1	1.38446e-2	-6.44064e1	5.16101e1	7.48087e1	-4.6478509e-3	1.1587142e-4	2.4122133e1	7.5953311e-1	
2023-10-11	10:54:02	-2.09511e1	1.46233e-2	-6.39980e1	5.16134e1	7.48395e1	-4.6211481e-3	1.2242794e-4	2.4134721e1	7.7140607e-1	
2023-10-11	10:54:03	-2.08460e1	1.33303e-2	-6.46852e1	5.16168e1	7.48150e1	-4.5957565e-3	1.1157989e-4	2.4117937e1	7.7336664e-1	
2023-10-11	10:54:03	-2.08460e1	1.33303e-2	-6.46852e1	5.16168e1	7.48150e1	-4.5957565e-3	1.1157989e-4	2.4117937e1	7.7336664e-1	
2023-10-11	10:54:04	-2.10645e1	1.30367e-2	-6.48524e1	5.16201e1	7.47822e1	-4.6428442e-3	1.0907649e-4	2.4145631e1	7.7751531e-1	
2023-10-11	10:54:04	-2.15881e1	1.60064e-2	-6.33308e1	5.16168e1	7.47744e1	-4.7606229e-3	1.3387203e-4	2.4118776e1	7.6580567e-1	
2023-10-11	10:54:05	-2.10500e1	1.72922e-2	-6.27480e1	5.16201e1	7.48027e1	-4.6409368e-3	1.4466047e-4	2.4164094e1	7.5808515e-1	
2023-10-11	10:54:05	-2.03815e1	1.25996e-2	-6.50976e1	5.16168e1	7.48357e1	-4.4922828e-3	1.0550022e-4	2.4112901e1	7.7419385e-1	
2023-10-11	10:54:06	-2.04083e1	1.25899e-2	-6.51060e1	5.16101e1	7.48070e1	-4.4965744e-3	1.0538101e-4	2.4108705e1	7.7757649e-1	
2023-10-11	10:54:06	-2.04083e1	1.25899e-2	-6.51060e1	5.16101e1	7.48070e1	-4.4965744e-3	1.0538101e-4	2.4108705e1	7.7757649e-1	
2023-10-11	10:54:07	-2.08948e1	1.23691e-2	-6.52399e1	5.16168e1	7.47639e1	-4.6033859e-3	1.0347366e-4	2.4166612e1	7.6736216e-1	
2023-10-11	10:54:07	-2.11482e1	1.82928e-2	-6.23239e1	5.16168e1	7.47965e1	-4.6627521e-3	1.5300512e-4	2.4127168e1	7.6281480e-1	
2023-10-11	10:54:08	-2.07173e1	1.93525e-2	-6.18950e1	5.16234e1	7.48142e1	-4.5665502e-3	1.6188621e-4	2.4134721e1	7.7405729e-1	
2023-10-11	10:54:08	-2.10702e1	1.91292e-2	-6.19854e1	5.16167e1	7.47925e1	-4.6448707e-3	1.5997886e-4	2.4141435e1	7.7704496e-1	
2023-10-11	10:54:09	-2.15468e1	2.35342e-2	-6.03989e1	5.16101e1	7.47767e1	-4.7515630e-3	1.9669532e-4	2.4117937e1	7.7335433e-1	
2023-10-11	10:54:09	-2.14567e1	2.36834e-2	-6.03496e1	5.16168e1	7.47812e1	-4.7314167e-3	1.9794702e-4	2.4130525e1	7.6890773e-1	
2023-10-11	10:54:10	-2.12511e1	1.66007e-2	-6.30551e1	5.16201e1	7.47992e1	-4.6861171e-3	1.3887882e-4	2.4112901e1	7.7199611e-1	
2023-10-11	10:54:10	-2.10722e1	1.24220e-2	-6.52060e1	5.16234e1	7.47907e1	-4.6451091e-3	1.0395050e-4	2.4131364e1	7.7219295e-1	
2023-10-11	10:54:11	-2.11731e1	1.29637e-2	-6.48927e1	5.16201e1	7.47917e1	-4.6679973e-3	1.0848045e-4	2.4133043e1	7.6818137e-1	
2023-10-11	10:54:11	-2.04811e1	1.12724e-2	-6.59136e1	5.16201e1	7.48007e1	-4.5124292e-3	9.4354152e-5	2.4169130e1	7.6830811e-1	
2023-10-11	10:54:12	-2.04811e1	1.12724e-2	-6.59136e1	5.16201e1	7.48007e1	-4.5124292e-3	9.4354152e-5	2.4169130e1	7.6830811e-1	
2023-10-11	10:54:12	-2.08950e1	8.27928e-3	-6.81277e1	5.16201e1	7.47997e1	-4.6057701e-3	6.9320201e-5	2.4128847e1	7.6544499e-1	
2023-10-11	10:54:13	-2.10771e1	1.81035e-2	-6.24010e1	5.16201e1	7.48127e1	-4.6477317e-3	1.5145540e-4	2.4134721e1	7.7194557e-1	
2023-10-11	10:54:13	-2.12016e1	2.01494e-2	-6.15895e1	5.16168e1	7.47962e1	-4.6747922e-3	1.6850233e-4	2.4124650e1	7.7837247e-1	
2023-10-11	10:54:14	-2.11255e1	1.19973e-2	-6.54626e1	5.16168e1	7.47697e1	-4.6558380e-3	1.0037422e-4	2.4164094e1	7.7974243e-1	
2023-10-11	10:54:14	-2.12072e1	2.29618e-2	-6.05838e1	5.16201e1	7.48274e1	-4.6781301e-3	1.9204616e-4	2.4117937e1	7.5288076e-1	
2023-10-11	10:54:15	-2.12072e1	2.29618e-2	-6.05838e1	5.16201e1	7.48274e1	-4.6781301e-3	1.9204616e-4	2.4117937e1	7.5288076e-1	
2023-10-11	10:54:15	-1.97667e1	1.46413e-2	-6.39870e1	5.16201e1	7.48582e1	-4.3550729e-3	1.2260675e-4	2.4148149e1	7.6381444e-1	
2023-10-11	10:54:16	-1.98810e1	1.12232e-2	-6.59411e1	5.16234e1	7.48440e1	-4.3798685e-3	9.3996524e-5	2.4166612e1	7.6537284e-1	
2023-10-11	10:54:16	-2.09419e1	1.44453e-2	-6.40888e1	5.16234e1	7.48404e1	-4.6190023e-3	1.2093782e-4	2.4148149e1	7.5979928e-1	
2023-10-11	10:54:17	-2.05695e1	1.48492e-2	-6.38793e1	5.16167e1	7.48872e1	-4.5380592e-3	1.2439489e-4	2.4163255e1	7.4817867e-1	
2023-10-11	10:54:17	-2.03441e1	1.96821e-2	-6.17562e1	5.16134e1	7.49157e1	-4.4890642e-3	1.6486644e-4	2.4124650e1	7.5575995e-1	
2023-10-11	10:54:18	-2.03441e1	1.96821e-2	-6.17562e1	5.16134e1	7.49157e1	-4.4890642e-3	1.6486644e-4	2.4124650e1	7.5575995e-1	
2023-10-11	10:54:18	-2.08082e1	1.55882e-2	-6.35163e1	5.16201e1	7.48980e1	-4.5926570e-3	1.3059377e-4	2.4174165e1	7.4652700e-1	
2023-10-11	10:54:19	-2.06102e1	1.41683e-2	-6.42253e1	5.16301e1	7.49114e1	-4.5486688e-3	1.1873245e-4	2.4143953e1	7.5831260e-1	
2023-10-11	10:54:19	-2.12468e1	1.96151e-2	-6.17865e1	5.16167e1	7.48727e1	-4.6901702e-3	1.6421079e-4	2.4117937e1	7.5502038e-1	
2023-10-11	10:54:20	-2.09979e1	1.94264e-2	-6.18587e1	5.16201e1	7.48860e1	-4.6347379e-3	1.6266107e-4	2.4119615e1	7.5534415e-1	
2023-10-11	10:54:20	-2.08013e1	1.62905e-2	-6.31886e1	5.16168e1	7.48795e1	-4.5899152e-3	1.3643503e-4	2.4182558e1	7.6700086e-1	
2023-10-11	10:54:21	-2.08013e1	1.62905e-2	-6.31886e1	5.16168e1	7.48795e1	-4.5899152e-3	1.3643503e-4	2.4182558e1	7.6700086e-1	
2023-10-11	10:54:21	-2.04522e1	1.50936e-2	-6.37622e1	5.16234e1	7.48430e1	-4.5086145e-3	1.2636184e-4	2.4127168e1	7.7371788e-1	
2023-10-11	10:54:22	-2.11256e1	1.68475e-2	-6.29431e1	5.16167e1	7.48119e1	-4.6586990e-3	1.4096498e-4	2.4106187e1	7.8463673e-1	
2023-10-11	10:54:22	-2.09340e1	2.00200e-2	-6.16409e1	5.16201e1	7.47734e1	-4.6128034e-3	1.6736984e-4	2.4143953e1	7.6581077e-1	
2023-10-11	10:54:23	-2.05394e1	1.63219e-2	-6.31819e1	5.16234e1	7.48024e1	-4.5256614e-3	1.3655424e-4	2.4109544e1	7.6421499e-1	
2023-10-11	10:54:23	-2.02842e1	1.10417e-2	-6.60620e1	5.16201e1	7.48180e1	-4.4691562e-3	9.2446804e-5	2.4126329e1	7.7144031e-1	
2023-10-11	10:54:24	-2.02842e1	1.10417e-2	-6.60620e1	5.16201e1	7.48180e1	-4.4691562e-3	9.2446804e-5	2.4126329e1	7.7144031e-1	
2023-10-11	10:54:24	-2.04700e1	8.89822e-3	-6.76148e1	5.16168e1	7.48070e1	-4.5104026e-3	7.4505805e-5	2.4109544e1	7.7907471e-1	
2023-10-11	10:54:25	-2.12632e1	1.47929e-2	-6.39188e1	5.16101e1	7.47742e1	-4.6873092e-3	1.2373924e-4	2.4119615e1	7.6680903e-1	
2023-10-11	10:54:25	-2.06773e1	2.32411e-2	-6.04933e1	5.16134e1	7.48005e1	-4.5567750e-3	1.9431114e-4	2.4127168e1	7.6229104e-1	
2023-10-11	10:54:26	-2.03906e1	1.88932e-2	-6.20766e1	5.16167e1	7.48222e1	-4.4934749e-3	1.5807151e-4	2.4100313e1	7.6900415e-1	
2023-10-11	10:54:26	-2.07690e1	1.23896e-2	-6.52230e1	5.16201e1	7.48137e1	-4.5782327e-3	1.0371208e-4	2.4128007e1	7.7848997e-1	
2023-10-11	10:54:27	-2.07690e1	1.23896e-2	-6.52230e1	5.16201e1	7.48137e1	-4.5782327e-3	1.0371208e-4	2.4128007e1	7.7848997e-1	
2023-10-11	10:54:27	-2.15717e1	1.43001e-2	-6.41697e1	5.16234e1	7.47795e1	-4.7571659e-3	1.1962652e-4	2.4154024e1	7.7893362e-1	
2023-10-11	10:54:28	-2.09943e1	1.49323e-2	-6.38473e1	5.16167e1	7.47922e1	-4.6277046e-3	1.2493133e-4	2.4129686e1	7.6279778e-1	
2023-10-11	10:54:28	-2.07603e1	9.75883e-3	-6.69533e1	5.16167e1	7.48190e1	-4.5766830e-3	8.1717967e-5	2.4135560e1	7.7517585e-1	
2023-10-11	10:54:29	-2.04210e1	8.99310e-3	-6.75410e1	5.16168e1	7.47882e1	-4.4981241e-3	7.5280666e-5	2.4131364e1	7.7523999e-1	
2023-10-11	10:54:29	-2.05972e1	1.52126e-2	-6.37098e1	5.16168e1	7.47825e1	-4.5374631e-3	1.2725591e-4	2.4136400e1	7.6703624e-1	
2023-10-11	10:54:30	-2.05972e1	1.52126e-2	-6.37098e1	5.16168e1	7.47825e1	-4.5374631e-3	1.2725591e-4	2.4136400e1	7.6703624e-1	
2023-10-11	10:54:30	-2.08504e1	1.14135e-2	-6.58224e1	5.16134e1	7.48085e1	-4.5963525e-3	9.5546245e-5	2.4108705e1	7.7120227e-1	
2023-10-11	10:54:31	-2.04634e1	1.08517e-2	-6.61895e1	5.16167e1	7.48007e1	-4.5084953e-3	9.0837478e-5	2.4101991e1	7.7015042e-1	
2023-10-11	10:54:31	-2.10302e1	1.71846e-2	-6.27948e1	5.16168e1	7.48044e1	-4.6366453e-3	1.4376640e-4	2.4127168e1	7.6484193e-1	
2023-10-11	10:54:32	-2.06906e1	1.60547e-2	-6.33042e1	5.16168e1	7.48154e1	-4.5607089e-3	1.3434886e-4	2.4101991e1	7.7267670e-1	
2023-10-11	10:54:32	-2.03706e1	1.30918e-2	-6.48202e1	5.16201e1	7.47935e1	-4.4870376e-3	1.0955333e-4	2.4144792e1	7.7884187e-1	
2023-10-11	10:54:33	-2.03706e1	1.30918e-2	-6.48202e1	5.16201e1	7.47935e1	-4.4870376e-3	1.0955333e-4	2.4144792e1	7.7884187e-1	
2023-10-11	10:54:33	-2.09856e1	1.29513e-2	-6.49010e1	5.16134e1	7.47795e1	-4.6249628e-3	1.0836124e-4	2.4117097e1	7.6606922e-1	
2023-10-11	10:54:34	-2.08184e1	1.91760e-2	-6.19656e1	5.16134e1	7.48042e1	-4.5888423e-3	1.6039609e-4	2.4149827e1	7.7513799e-1	
2023-10-11	10:54:34	-2.09274e1	1.75676e-2	-6.26308e1	5.16167e1	7.47842e1	-4.6120882e-3	1.4692544e-4	2.4133043e1	7.7489876e-1	
2023-10-11	10:54:35	-2.08727e1	1.48627e-2	-6.38792e1	5.16201e1	7.48202e1	-4.6020746e-3	1.2439489e-4	2.4132204e1	7.6112470e-1	
2023-10-11	10:54:35	-2.08727e1	1.48627e-2	-6.38792e1	5.16201e1	7.48202e1	-4.6020746e-3	1.2439489e-4	2.4132204e1	7.6112470e-1	
2023-10-11	10:54:36	-2.04168e1	1.33214e-2	-6.46891e1	5.16201e1	7.48259e1	-4.4995546e-3	1.1152029e-4	2.4135560e1	7.7327160e-1	
2023-10-11	10:54:36	-2.05231e1	1.77769e-2	-6.25392e1	5.16234e1	7.48062e1	-4.5222043e-3	1.4871358e-4	2.4138078e1	7.7727656e-1	
2023-10-11	10:54:37	-2.09455e1	1.89819e-2	-6.20451e1	5.16167e1	7.47822e1	-4.6160221e-3	1.5872716e-4	2.4115419e1	7.7888145e-1	
2023-10-11	10:54:37	-2.10701e1	1.49365e-2	-6.38473e1	5.16167e1	7.47714e1	-4.6434402e-3	1.2493133e-4	2.4112901e1	7.6930351e-1	
2023-10-11	10:54:38	-2.05076e1	1.84120e-2	-6.22739e1	5.16168e1	7.48052e1	-4.5187473e-3	1.5401840e-4	2.4120454e1	7.7376050e-1	
2023-10-11	10:54:38	-2.05076e1	1.84120e-2	-6.22739e1	5.16168e1	7.48052e1	-4.5187473e-3	1.5401840e-4	2.4120454e1	7.7376050e-1	
2023-10-11	10:54:39	-2.06763e1	1.39343e-2	-6.43606e1	5.16234e1	7.47897e1	-4.5557022e-3	1.1658668e-4	2.4121294e1	7.7584142e-1	
2023-10-11	10:54:39	-2.10822e1	1.42497e-2	-6.41958e1	5.16168e1	7.47805e1	-4.6467781e-3	1.1920928e-4	2.4122972e1	7.6702733e-1	
2023-10-11	10:54:40	-2.12862e1	2.07475e-2	-6.13652e1	5.16234e1	7.48042e1	-4.6943426e-3	1.7350912e-4	2.4177522e1	7.7007493e-1	
2023-10-11	10:54:40	-2.07137e1	1.24652e-2	-6.51809e1	5.16201e1	7.47877e1	-4.5640468e-3	1.0430812e-4	2.4130525e1	7.6589202e-1	
2023-10-11	10:54:41	-2.06759e1	1.77401e-2	-6.25546e1	5.16134e1	7.48087e1	-4.5570135e-3	1.4841556e-4	2.4115419e1	7.6878557e-1	
2023-10-11	10:54:41	-2.06759e1	1.77401e-2	-6.25546e1	5.16134e1	7.48087e1	-4.5570135e-3	1.4841556e-4	2.4115419e1	7.6878557e-1	
2023-10-11	10:54:42	-2.08504e1	2.07819e-2	-6.13523e1	5.16134e1	7.48067e1	-4.5962333e-3	1.7380714e-4	2.4112901e1	7.7565808e-1	
2023-10-11	10:54:42	-2.11567e1	1.29355e-2	-6.49091e1	5.16101e1	7.47877e1	-4.6641826e-3	1.0824203e-4	2.4111223e1	7.7575664e-1	
2023-10-11	10:54:43	-2.05558e1	1.26457e-2	-6.50769e1	5.16167e1	7.47737e1	-4.5275688e-3	1.0579824e-4	2.4121294e1	7.6760077e-1	
2023-10-11	10:54:43	-2.08729e1	2.05022e-2	-6.14553e1	5.16167e1	7.48117e1	-4.6015977e-3	1.7148256e-4	2.4112062e1	7.7418460e-1	
2023-10-11	10:54:44	-2.04207e1	1.64965e-2	-6.31037e1	5.16167e1	7.47857e1	-4.4978857e-3	1.3798475e-4	2.4112901e1	7.7210402e-1	
2023-10-11	10:54:44	-2.04207e1	1.64965e-2	-6.31037e1	5.16167e1	7.47857e1	-4.4978857e-3	1.3798475e-4	2.4112901e1	7.7210402e-1	
2023-10-11	10:54:45	-2.08292e1	1.89224e-2	-6.20680e1	5.16168e1	7.47914e1	-4.5903921e-3	1.5825033e-4	2.4133882e1	7.7130908e-1	
2023-10-11	10:54:45	-2.07493e1	2.21782e-2	-6.08547e1	5.16134e1	7.47947e1	-4.5726299e-3	1.8543004e-4	2.4108705e1	7.7198104e-1	
2023-10-11	10:54:46	-2.09020e1	1.51293e-2	-6.37483e1	5.16201e1	7.48067e1	-4.6077966e-3	1.2660026e-4	2.4123811e1	7.6864223e-1	
2023-10-11	10:54:46	-2.06174e1	1.68565e-2	-6.29397e1	5.16234e1	7.48052e1	-4.5434236e-3	1.4102458e-4	2.4107866e1	7.7593231e-1	
2023-10-11	10:54:47	-2.05132e1	1.57978e-2	-6.34280e1	5.16234e1	7.47837e1	-4.5185089e-3	1.3214349e-4	2.4117097e1	7.6785712e-1	
2023-10-11	10:54:47	-2.05132e1	1.57978e-2	-6.34280e1	5.16234e1	7.47837e1	-4.5185089e-3	1.3214349e-4	2.4117097e1	7.6785712e-1	
2023-10-11	10:54:48	-2.08247e1	1.31269e-2	-6.48003e1	5.16167e1	7.47959e1	-4.5896768e-3	1.0985136e-4	2.4127168e1	7.6998319e-1	
2023-10-11	10:54:48	-2.07034e1	1.33832e-2	-6.46576e1	5.16167e1	7.47987e1	-4.5624971e-3	1.1199712e-4	2.4180040e1	7.7002649e-1	
2023-10-11	10:54:49	-2.06210e1	1.92481e-2	-6.19373e1	5.16168e1	7.48022e1	-4.5441389e-3	1.6099214e-4	2.4131364e1	7.6268868e-1	
2023-10-11	10:54:49	-2.04438e1	1.60729e-2	-6.32975e1	5.16168e1	7.47972e1	-4.5038461e-3	1.3446807e-4	2.4143953e1	7.8115034e-1	
2023-10-11	10:54:50	-2.10780e1	1.54815e-2	-6.35813e1	5.16234e1	7.47604e1	-4.6443939e-3	1.2946128e-4	2.4170808e1	7.8234357e-1	
2023-10-11	10:54:50	-2.10780e1	1.54815e-2	-6.35813e1	5.16234e1	7.47604e1	-4.6443939e-3	1.2946128e-4	2.4170808e1	7.8234357e-1	
2023-10-11	10:54:51	-2.15107e1	2.07986e-2	-6.13520e1	5.16234e1	7.47490e1	-4.7413110e-3	1.7380714e-4	2.4128847e1	7.6369571e-1	
2023-10-11	10:54:51	-2.12550e1	2.17097e-2	-6.10170e1	5.16234e1	7.48115e1	-4.6877861e-3	1.8155574e-4	2.4145631e1	7.5860524e-1	
2023-10-11	10:54:52	-2.04235e1	1.69270e-2	-6.29080e1	5.16201e1	7.48079e1	-4.4999122e-3	1.4162063e-4	2.4134721e1	7.7435646e-1	
2023-10-11	10:54:52	-2.11174e1	1.52111e-2	-6.37097e1	5.16201e1	7.47904e1	-4.6553611e-3	1.2725591e-4	2.4175844e1	7.6805324e-1	
2023-10-11	10:54:53	-2.10488e1	1.82406e-2	-6.23446e1	5.16168e1	7.48057e1	-4.6409368e-3	1.5258789e-4	2.4136400e1	7.7029714e-1	
2023-10-11	10:54:53	-2.10488e1	1.82406e-2	-6.23446e1	5.16168e1	7.48057e1	-4.6409368e-3	1.5258789e-4	2.4136400e1	7.7029714e-1	
2023-10-11	10:54:54	-2.06846e1	1.70492e-2	-6.28544e1	5.16168e1	7.48034e1	-4.5585632e-3	1.4263391e-4	2.4127168e1	7.7354054e-1	
2023-10-11	10:54:54	-2.05917e1	1.22492e-2	-6.53078e1	5.16168e1	7.47994e1	-4.5373439e-3	1.0251998e-4	2.4112901e1	7.6612100e-1	
2023-10-11	10:54:55	-2.08091e1	1.69605e-2	-6.28924e1	5.16101e1	7.48152e1	-4.5875310e-3	1.4191865e-4	2.4109544e1	7.7250604e-1	
2023-10-11	10:54:55	-2.09646e1	1.57675e-2	-6.34450e1	5.16201e1	7.47574e1	-4.6186447e-3	1.3184547e-4	2.4158220e1	7.7902932e-1	
2023-10-11	10:54:56	-2.20692e1	1.96386e-2	-6.17891e1	5.16201e1	7.47570e1	-4.8681497e-3	1.6415119e-4	2.4140596e1	7.5831704e-1	
2023-10-11	10:54:56	-2.20692e1	1.96386e-2	-6.17891e1	5.16201e1	7.47570e1	-4.8681497e-3	1.6415119e-4	2.4140596e1	7.5831704e-1	
2023-10-11	10:54:57	-2.16429e1	1.83796e-2	-6.22855e1	5.16201e1	7.48219e1	-4.7762393e-3	1.5377998e-4	2.4107866e1	7.5862984e-1	
2023-10-11	10:54:57	-2.07826e1	1.71188e-2	-6.28198e1	5.16201e1	7.48432e1	-4.5832395e-3	1.4328956e-4	2.4129686e1	7.6616668e-1	
2023-10-11	10:54:58	-2.06434e1	9.76161e-3	-6.69532e1	5.16201e1	7.47984e1	-4.5489072e-3	8.1717967e-5	2.4145631e1	7.8538446e-1	
2023-10-11	10:54:58	-2.09513e1	1.00167e-2	-6.67720e1	5.16134e1	7.47545e1	-4.6155452e-3	8.3804130e-5	2.4122972e1	7.7821025e-1	
2023-10-11	10:54:59	-2.16985e1	2.35900e-2	-6.03825e1	5.16101e1	7.47585e1	-4.7845840e-3	1.9711256e-4	2.4103670e1	7.5974946e-1	
2023-10-11	10:54:59	-2.16985e1	2.35900e-2	-6.03825e1	5.16101e1	7.47585e1	-4.7845840e-3	1.9711256e-4	2.4103670e1	7.5974946e-1	
2023-10-11	10:55:00	-2.16676e1	2.36640e-2	-6.03520e1	5.16134e1	7.48190e1	-4.7817230e-3	1.9788742e-4	2.4096117e1	7.6291294e-1	
2023-10-11	10:55:00	-2.06143e1	1.72159e-2	-6.27792e1	5.16167e1	7.48235e1	-4.5440196e-3	1.4406442e-4	2.4117937e1	7.7033991e-1	
2023-10-11	10:55:01	-2.07560e1	1.44647e-2	-6.40816e1	5.16168e1	7.48122e1	-4.5752525e-3	1.2105703e-4	2.4104509e1	7.7720742e-1	
2023-10-11	10:55:01	-2.08543e1	1.71688e-2	-6.28072e1	5.16234e1	7.47505e1	-4.5932531e-3	1.4352798e-4	2.4169969e1	7.8514761e-1	
2023-10-11	10:55:02	-2.10104e1	1.37364e-2	-6.44712e1	5.16201e1	7.47399e1	-4.6278238e-3	1.1485815e-4	2.4143114e1	7.6331605e-1	
2023-10-11	10:55:02	-2.10104e1	1.37364e-2	-6.44712e1	5.16201e1	7.47399e1	-4.6278238e-3	1.1485815e-4	2.4143114e1	7.6331605e-1	
2023-10-11	10:55:03	-2.17392e1	2.00535e-2	-6.16246e1	5.16201e1	7.48085e1	-4.7971010e-3	1.6772747e-4	2.4100313e1	7.5469942e-1	
2023-10-11	10:55:03	-2.07706e1	1.97945e-2	-6.17202e1	5.16201e1	7.48427e1	-4.5804977e-3	1.6564130e-4	2.4143953e1	7.5698652e-1	
2023-10-11	10:55:04	-1.97709e1	1.38790e-2	-6.43835e1	5.16167e1	7.48557e1	-4.3559074e-3	1.1622905e-4	2.4143114e1	7.6856336e-1	
2023-10-11	10:55:04	-2.16500e1	1.13057e-2	-6.58908e1	5.16134e1	7.48145e1	-4.7774314e-3	9.4652175e-5	2.4157381e1	7.6453990e-1	
2023-10-11	10:55:05	-2.16309e1	1.82856e-2	-6.23239e1	5.16168e1	7.48259e1	-4.7738552e-3	1.5300512e-4	2.4148988e1	7.7407274e-1	
2023-10-11	10:55:05	-2.16309e1	1.82856e-2	-6.23239e1	5.16168e1	7.48259e1	-4.7738552e-3	1.5300512e-4	2.4148988e1	7.7407274e-1	
2023-10-11	10:55:06	-2.07378e1	1.78208e-2	-6.25211e1	5.16201e1	7.48010e1	-4.5703649e-3	1.4907121e-4	2.4161577e1	7.7259874e-1	
2023-10-11	10:55:06	-2.08536e1	1.61444e-2	-6.32643e1	5.16168e1	7.47965e1	-4.5962333e-3	1.3506412e-4	2.4169130e1	7.6656017e-1	
2023-10-11	10:55:07	-2.05599e1	1.77313e-2	-6.25575e1	5.16168e1	7.48162e1	-4.5312643e-3	1.4835596e-4	2.4150667e1	7.7490444e-1	
2023-10-11	10:55:07	-2.05851e1	1.27349e-2	-6.50231e1	5.16234e1	7.47962e1	-4.5355558e-3	1.0657310e-4	2.4160737e1	7.6636886e-1	
2023-10-11	10:55:08	-2.06185e1	1.04228e-2	-6.64801e1	5.16234e1	7.48107e1	-4.5440196e-3	8.7261199e-5	2.4140596e1	7.7004146e-1	
2023-10-11	10:55:08	-2.06185e1	1.04228e-2	-6.64801e1	5.16234e1	7.48107e1	-4.5440196e-3	8.7261199e-5	2.4140596e1	7.7004146e-1	
2023-10-11	10:55:09	-2.07692e1	1.33396e-2	-6.46811e1	5.16234e1	7.48047e1	-4.5776367e-3	1.1163949e-4	2.4138078e1	7.6742248e-1	
2023-10-11	10:55:09	-2.11891e1	1.93095e-2	-6.19118e1	5.16234e1	7.48147e1	-4.6731233e-3	1.6152858e-4	2.4163255e1	7.6644744e-1	
2023-10-11	10:55:10	-2.12081e1	1.66597e-2	-6.30261e1	5.16201e1	7.48229e1	-4.6780109e-3	1.3941526e-4	2.4160737e1	7.7351613e-1	
2023-10-11	10:55:10	-2.08869e1	2.12442e-2	-6.11830e1	5.16168e1	7.48142e1	-4.6049356e-3	1.7768144e-4	2.4157381e1	7.7203345e-1	
2023-10-11	10:55:11	-2.05793e1	1.75009e-2	-6.26583e1	5.16201e1	7.47955e1	-4.5342445e-3	1.4638900e-4	2.4140596e1	7.7697153e-1	
2023-10-11	10:55:11	-2.05793e1	1.75009e-2	-6.26583e1	5.16201e1	7.47955e1	-4.5342445e-3	1.4638900e-4	2.4140596e1	7.7697153e-1	
2023-10-11	10:55:12	-2.06266e1	1.36937e-2	-6.44905e1	5.16167e1	7.47777e1	-4.5437812e-3	1.1456012e-4	2.4138917e1	7.7130341e-1	
2023-10-11	10:55:12	-2.09378e1	1.10958e-2	-6.60294e1	5.16167e1	7.47884e1	-4.6147108e-3	9.2864036e-5	2.4164094e1	7.6683225e-1	
2023-10-11	10:55:13	-2.09046e1	1.62288e-2	-6.32247e1	5.16168e1	7.48024e1	-4.6081542e-3	1.3577938e-4	2.4164094e1	7.6858730e-1	
2023-10-11	10:55:13	-2.07724e1	1.55211e-2	-6.35608e1	5.16201e1	7.47749e1	-4.5764446e-3	1.2981891e-4	2.4152345e1	7.7307696e-1	
2023-10-11	10:55:14	-2.11520e1	1.91596e-2	-6.19740e1	5.16201e1	7.47862e1	-4.6628713e-3	1.6021728e-4	2.4143953e1	7.6770973e-1	
2023-10-11	10:55:14	-2.11520e1	1.91596e-2	-6.19740e1	5.16201e1	7.47862e1	-4.6628713e-3	1.6021728e-4	2.4143953e1	7.6770973e-1	
2023-10-11	10:55:15	-2.10445e1	1.94198e-2	-6.18698e1	5.16234e1	7.48022e1	-4.6396255e-3	1.6242265e-4	2.4163255e1	7.6814670e-1	
2023-10-11	10:55:15	-2.09979e1	1.72336e-2	-6.27729e1	5.16201e1	7.48092e1	-4.6296119e-3	1.4418363e-4	2.4117937e1	7.7718505e-1	
2023-10-11	10:55:16	-2.10072e1	1.57835e-2	-6.34347e1	5.16234e1	7.47839e1	-4.6299695e-3	1.3202428e-4	2.4142274e1	7.6933517e-1	
2023-10-11	10:55:16	-2.10806e1	1.96714e-2	-6.17726e1	5.16201e1	7.47952e1	-4.6473741e-3	1.6450881e-4	2.4148149e1	7.6973772e-1	
2023-10-11	10:55:17	-2.07654e1	1.35823e-2	-6.45483e1	5.16201e1	7.48024e1	-4.5766830e-3	1.1366605e-4	2.4139757e1	7.7390823e-1	
2023-10-11	10:55:17	-2.07654e1	1.35823e-2	-6.45483e1	5.16201e1	7.48024e1	-4.5766830e-3	1.1366605e-4	2.4139757e1	7.7390823e-1	
2023-10-11	10:55:18	-2.06739e1	1.11100e-2	-6.60201e1	5.16168e1	7.47894e1	-4.5552253e-3	9.2983245e-5	2.4163255e1	7.6497650e-1	
2023-10-11	10:55:18	-2.07750e1	1.74040e-2	-6.26984e1	5.16201e1	7.48130e1	-4.5795440e-3	1.4561414e-4	2.4163255e1	7.6766862e-1	
2023-10-11	10:55:19	-2.09756e1	1.27164e-2	-6.50315e1	5.16167e1	7.48195e1	-4.6253204e-3	1.0645389e-4	2.4151506e1	7.5998363e-1	
2023-10-11	10:55:19	-2.12653e1	1.76614e-2	-6.25818e1	5.16201e1	7.48714e1	-4.6942234e-3	1.4787912e-4	2.4107866e1	7.6307067e-1	
2023-10-11	10:55:20	-2.01421e1	9.81934e-3	-6.69061e1	5.16234e1	7.48479e1	-4.4389963e-3	8.2254409e-5	2.4104509e1	7.7290987e-1	
2023-10-11	10:55:20	-2.01421e1	9.81934e-3	-6.69061e1	5.16234e1	7.48479e1	-4.4389963e-3	8.2254409e-5	2.4104509e1	7.7290987e-1	
2023-10-11	10:55:21	-2.00917e1	9.11163e-3	-6.74453e1	5.16234e1	7.48112e1	-4.4252872e-3	7.6293945e-5	2.4148988e1	7.8398199e-1	
2023-10-11	10:55:21	-2.12802e1	1.48808e-2	-6.38756e1	5.16234e1	7.47659e1	-4.6904087e-3	1.2445449e-4	2.4153184e1	7.7871952e-1	
2023-10-11	10:55:22	-2.12815e1	1.77342e-2	-6.25575e1	5.16167e1	7.48042e1	-4.6933889e-3	1.4835596e-4	2.4103670e1	7.6316223e-1	
2023-10-11	10:55:22	-2.07280e1	1.30077e-2	-6.48646e1	5.16134e1	7.48242e1	-4.5697689e-3	1.0889768e-4	2.4161577e1	7.7312798e-1	
2023-10-11	10:55:23	-2.04263e1	1.66434e-2	-6.30359e1	5.16134e1	7.47984e1	-4.5000314e-3	1.3923645e-4	2.4175004e1	7.7408151e-1	
2023-10-11	10:55:23	-2.04263e1	1.66434e-2	-6.30359e1	5.16134e1	7.47984e1	-4.5000314e-3	1.3923645e-4	2.4175004e1	7.7408151e-1	
2023-10-11	10:55:24	-2.06926e1	1.52519e-2	-6.36889e1	5.16168e1	7.47994e1	-4.5601129e-3	1.2761354e-4	2.4135560e1	7.7835555e-1	
2023-10-11	10:55:24	-2.10221e1	3.48020e-3	-7.40576e1	5.16134e1	7.47829e1	-4.6334266e-3	2.9146671e-5	2.4128007e1	7.7473373e-1	
2023-10-11	10:55:25	-2.14125e1	9.31471e-3	-6.72908e1	5.16134e1	7.47802e1	-4.7214031e-3	7.7962875e-5	2.4101152e1	7.6396141e-1	
2023-10-11	10:55:25	-2.05530e1	1.85494e-2	-6.22154e1	5.16168e1	7.48270e1	-4.5304298e-3	1.5521049e-4	2.4132204e1	7.7154693e-1	
2023-10-11	10:55:26	-2.07171e1	1.01451e-2	-6.66752e1	5.16168e1	7.48077e1	-4.5661926e-3	8.4936618e-5	2.4108705e1	7.8160552e-1	
2023-10-11	10:55:26	-2.07171e1	1.01451e-2	-6.66752e1	5.16168e1	7.48077e1	-4.5661926e-3	8.4936618e-5	2.4108705e1	7.8160552e-1	
2023-10-11	10:55:27	-2.06856e1	9.31640e-3	-6.72907e1	5.16168e1	7.47675e1	-4.5564174e-3	7.7962875e-5	2.4144792e1	7.7890138e-1	
2023-10-11	10:55:27	-2.11188e1	1.34396e-2	-6.46303e1	5.16134e1	7.47617e1	-4.6538114e-3	1.1241436e-4	2.4117937e1	7.6136426e-1	
2023-10-11	10:55:28	-2.12349e1	1.75532e-2	-6.26338e1	5.16168e1	7.48152e1	-4.6836137e-3	1.4686584e-4	2.4112901e1	7.5965557e-1	
2023-10-11	10:55:28	-2.04329e1	1.62776e-2	-6.32015e1	5.16234e1	7.48092e1	-4.5020580e-3	1.3619661e-4	2.4123811e1	7.7516927e-1	
2023-10-11	10:55:29	-2.09897e1	1.72510e-2	-6.27666e1	5.16201e1	7.47957e1	-4.6268701e-3	1.4430284e-4	2.4126329e1	7.7888698e-1	
2023-10-11	10:55:29	-2.09897e1	1.72510e-2	-6.27666e1	5.16201e1	7.47957e1	-4.6268701e-3	1.4430284e-4	2.4126329e1	7.7888698e-1	
2023-10-11	10:55:30	-2.08720e1	1.87686e-2	-6.21313e1	5.16167e1	7.47785e1	-4.5992136e-3	1.5693902e-4	2.4114580e1	7.7298250e-1	
2023-10-11	10:55:30	-2.10537e1	1.28648e-2	-6.49496e1	5.16167e1	7.47857e1	-4.6406984e-3	1.0764598e-4	2.4138917e1	7.6959476e-1	
2023-10-11	10:55:31	-2.03804e1	1.50245e-2	-6.38011e1	5.16201e1	7.47957e1	-4.4894218e-3	1.2570619e-4	2.4110383e1	7.7207155e-1	
2023-10-11	10:55:31	-2.06780e1	1.99492e-2	-6.16657e1	5.16101e1	7.47957e1	-4.5566558e-3	1.6683340e-4	2.4112062e1	7.6671800e-1	
2023-10-11	10:55:32	-2.07728e1	1.13272e-2	-6.58771e1	5.16134e1	7.48137e1	-4.5791864e-3	9.4830989e-5	2.4117097e1	7.6829900e-1	
2023-10-11	10:55:32	-2.07728e1	1.13272e-2	-6.58771e1	5.16134e1	7.48137e1	-4.5791864e-3	9.4830989e-5	2.4117097e1	7.6829900e-1	
2023-10-11	10:55:33	-2.05573e1	9.08283e-3	-6.74678e1	5.16201e1	7.48130e1	-4.5304298e-3	7.6055526e-5	2.4144792e1	7.7619738e-1	
2023-10-11	10:55:33	-2.08485e1	1.01472e-2	-6.66752e1	5.16167e1	7.47922e1	-4.5948028e-3	8.4936618e-5	2.4135560e1	7.7632308e-1	
2023-10-11	10:55:34	-2.15812e1	1.34793e-2	-6.46067e1	5.16201e1	7.47802e1	-4.7594308e-3	1.1277198e-4	2.4130525e1	7.6235551e-1	
2023-10-11	10:55:34	-2.09244e1	1.57501e-2	-6.34451e1	5.16134e1	7.48385e1	-4.6150684e-3	1.3184547e-4	2.4103670e1	7.7217588e-1	
2023-10-11	10:55:35	-1.97744e1	7.14581e-3	-6.91636e1	5.16201e1	7.48077e1	-4.3536424e-3	5.9843063e-5	2.4138917e1	7.8245496e-1	
2023-10-11	10:55:35	-1.97744e1	7.14581e-3	-6.91636e1	5.16201e1	7.48077e1	-4.3536424e-3	5.9843063e-5	2.4138917e1	7.8245496e-1	
2023-10-11	10:55:36	-2.00863e1	1.26682e-2	-6.50645e1	5.16168e1	7.47672e1	-4.4213533e-3	1.0597705e-4	2.4143953e1	7.7983121e-1	
2023-10-11	10:55:36	-2.14347e1	1.84938e-2	-6.22446e1	5.16168e1	7.47632e1	-4.7252178e-3	1.5461444e-4	2.4115419e1	7.6383566e-1	
2023-10-11	10:55:37	-2.14532e1	1.94017e-2	-6.18756e1	5.16134e1	7.48147e1	-4.7329664e-3	1.6230344e-4	2.4108705e1	7.6014375e-1	
2023-10-11	10:55:37	-2.07050e1	1.86884e-2	-6.21602e1	5.16134e1	7.48124e1	-4.5638084e-3	1.5634298e-4	2.4138917e1	7.7547602e-1	
2023-10-11	10:55:38	-2.13065e1	1.65892e-2	-6.30616e1	5.16201e1	7.47867e1	-4.6977996e-3	1.3875961e-4	2.4138078e1	7.8384675e-1	
2023-10-11	10:55:38	-2.13065e1	1.65892e-2	-6.30616e1	5.16201e1	7.47867e1	-4.6977996e-3	1.3875961e-4	2.4138078e1	7.8384675e-1	
2023-10-11	10:55:39	-2.11558e1	9.90981e-3	-6.68490e1	5.16201e1	7.47557e1	-4.6616792e-3	8.2910060e-5	2.4141435e1	7.7506551e-1	
2023-10-11	10:55:39	-2.07340e1	6.87112e-3	-6.94407e1	5.16167e1	7.47734e1	-4.5677423e-3	5.7518482e-5	2.4102830e1	7.6140141e-1	
2023-10-11	10:55:40	-2.12209e1	1.13330e-2	-6.58723e1	5.16201e1	7.48242e1	-4.6809911e-3	9.4890594e-5	2.4117937e1	7.7064251e-1	
2023-10-11	10:55:40	-2.07564e1	1.21127e-2	-6.53889e1	5.16234e1	7.48070e1	-4.5748949e-3	1.0138750e-4	2.4132204e1	7.7580904e-1	
2023-10-11	10:55:41	-2.12438e1	1.10178e-2	-6.60808e1	5.16168e1	7.47857e1	-4.6836137e-3	9.2208385e-5	2.4136400e1	7.8141827e-1	
2023-10-11	10:55:41	-2.12438e1	1.10178e-2	-6.60808e1	5.16168e1	7.47857e1	-4.6836137e-3	9.2208385e-5	2.4136400e1	7.8141827e-1	
2023-10-11	10:55:42	-2.13840e1	1.15135e-2	-6.57635e1	5.16134e1	7.47609e1	-4.7136545e-3	9.6321105e-5	2.4143114e1	7.7402758e-1	
2023-10-11	10:55:42	-2.12526e1	1.42006e-2	-6.42219e1	5.16134e1	7.47749e1	-4.6849250e-3	1.1879205e-4	2.4144792e1	7.7210211e-1	
2023-10-11	10:55:43	-2.06670e1	8.35140e-3	-6.80669e1	5.16201e1	7.47919e1	-4.5537948e-3	6.9916248e-5	2.4176683e1	7.6585102e-1	
2023-10-11	10:55:43	-2.05022e1	6.82476e-3	-6.94843e1	5.16134e1	7.48122e1	-4.5180320e-3	5.7160854e-5	2.4115419e1	7.7697954e-1	
2023-10-11	10:55:44	-2.04475e1	1.00408e-2	-6.67516e1	5.16101e1	7.47867e1	-4.5040845e-3	8.4042549e-5	2.4112062e1	7.7217535e-1	
2023-10-11	10:55:44	-2.04475e1	1.00408e-2	-6.67516e1	5.16101e1	7.47867e1	-4.5040845e-3	8.4042549e-5	2.4112062e1	7.7217535e-1	
2023-10-11	10:55:45	-2.08879e1	1.28558e-2	-6.49537e1	5.16168e1	7.47965e1	-4.6039819e-3	1.0758638e-4	2.4125490e1	7.6865653e-1	
2023-10-11	10:55:45	-2.09038e1	1.12145e-2	-6.59504e1	5.16234e1	7.48067e1	-4.6081542e-3	9.3877315e-5	2.4175004e1	7.7126874e-1	
2023-10-11	10:55:46	-2.07319e1	1.32622e-2	-6.47247e1	5.16167e1	7.47969e1	-4.5688152e-3	1.1098384e-4	2.4154863e1	7.7618432e-1	
2023-10-11	10:55:46	-2.11638e1	1.94463e-2	-6.18615e1	5.16201e1	7.47822e1	-4.6652555e-3	1.6260147e-4	2.4122972e1	7.6021175e-1	
2023-10-11	10:55:47	-2.11679e1	2.19045e-2	-6.09467e1	5.16201e1	7.48285e1	-4.6693086e-3	1.8322467e-4	2.4105348e1	7.5857744e-1	
2023-10-11	10:55:47	-2.11679e1	2.19045e-2	-6.09467e1	5.16201e1	7.48285e1	-4.6693086e-3	1.8322467e-4	2.4105348e1	7.5857744e-1	
2023-10-11	10:55:48	-2.04138e1	1.07458e-2	-6.62563e1	5.16201e1	7.48434e1	-4.5000314e-3	9.0003013e-5	2.4146471e1	7.6564526e-1	
2023-10-11	10:55:48	-2.04804e1	1.11900e-2	-6.59643e1	5.16201e1	7.48270e1	-4.5139789e-3	9.3698501e-5	2.4162416e1	7.6472687e-1	
2023-10-11	10:55:49	-2.10839e1	1.59515e-2	-6.33541e1	5.16201e1	7.47984e1	-4.6483278e-3	1.3345479e-4	2.4136400e1	7.6808905e-1	
2023-10-11	10:55:49	-2.13441e1	1.49213e-2	-6.38507e1	5.16234e1	7.48132e1	-4.7080516e-3	1.2487173e-4	2.4163255e1	7.6730194e-1	
2023-10-11	10:55:50	-2.09261e1	9.14008e-3	-6.74229e1	5.16268e1	7.48124e1	-4.6135187e-3	7.6532363e-5	2.4145631e1	7.7271127e-1	
2023-10-11	10:55:50	-2.09261e1	9.14008e-3	-6.74229e1	5.16268e1	7.48124e1	-4.6135187e-3	7.6532363e-5	2.4145631e1	7.7271127e-1	
2023-10-11	10:55:51	-2.04702e1	1.06098e-2	-6.63529e1	5.16201e1	7.47982e1	-4.5098066e-3	8.8810920e-5	2.4153184e1	7.6883955e-1	
2023-10-11	10:55:51	-2.04523e1	1.22332e-2	-6.53163e1	5.16168e1	7.48102e1	-4.5065879e-3	1.0240077e-4	2.4154024e1	7.7381091e-1	
2023-10-11	10:55:52	-2.06063e1	1.21338e-2	-6.53761e1	5.16201e1	7.48082e1	-4.5411586e-3	1.0156631e-4	2.4158220e1	7.7267594e-1	
2023-10-11	10:55:52	-2.13268e1	1.40463e-2	-6.43003e1	5.16201e1	7.48002e1	-4.7032833e-3	1.1754035e-4	2.4162416e1	7.6832990e-1	
2023-10-11	10:55:53	-2.10267e1	1.62760e-2	-6.32017e1	5.16167e1	7.48147e1	-4.6365261e-3	1.3619661e-4	2.4161577e1	7.7141880e-1	
2023-10-11	10:55:53	-2.10267e1	1.62760e-2	-6.32017e1	5.16167e1	7.48147e1	-4.6365261e-3	1.3619661e-4	2.4161577e1	7.7141880e-1	
2023-10-11	10:55:54	-2.01952e1	1.51152e-2	-6.37554e1	5.16168e1	7.48050e1	-4.4482946e-3	1.2648105e-4	2.4151506e1	7.7122030e-1	
2023-10-11	10:55:54	-2.11565e1	1.96831e-2	-6.17671e1	5.16168e1	7.48042e1	-4.6651363e-3	1.6462802e-4	2.4163255e1	7.6829013e-1	
2023-10-11	10:55:55	-2.05653e1	2.16041e-2	-6.10550e1	5.16234e1	7.48059e1	-4.5317411e-3	1.8066167e-4	2.4149827e1	7.7547168e-1	
2023-10-11	10:55:55	-2.09985e1	1.68242e-2	-6.29556e1	5.16268e1	7.47910e1	-4.6284198e-3	1.4072656e-4	2.4151506e1	7.7261219e-1	
2023-10-11	10:55:56	-2.11781e1	1.71363e-2	-6.28166e1	5.16234e1	7.47984e1	-4.6695470e-3	1.4334917e-4	2.4159059e1	7.6660771e-1	
2023-10-11	10:55:56	-2.11781e1	1.71363e-2	-6.28166e1	5.16234e1	7.47984e1	-4.6695470e-3	1.4334917e-4	2.4159059e1	7.6660771e-1	
2023-10-11	10:55:57	-2.06117e1	1.57340e-2	-6.34552e1	5.16168e1	7.48142e1	-4.5428276e-3	1.3166666e-4	2.4167451e1	7.6885337e-1	
2023-10-11	10:55:57	-2.03544e1	1.12275e-2	-6.59412e1	5.16201e1	7.48147e1	-4.4847726e-3	9.3996524e-5	2.4171648e1	7.6507897e-1	
2023-10-11	10:55:58	-2.10648e1	1.82760e-2	-6.23208e1	5.16234e1	7.48960e1	-4.6504735e-3	1.5306472e-4	2.4169130e1	7.4044919e-1	
2023-10-11	10:55:58	-2.08913e1	1.57462e-2	-6.34350e1	5.16134e1	7.49585e1	-4.6155452e-3	1.3202428e-4	2.4122133e1	7.3496742e-1	
2023-10-11	10:55:59	-2.07964e1	1.48459e-2	-6.38722e1	5.16168e1	7.49755e1	-4.5951604e-3	1.2451410e-4	2.4140596e1	7.3044157e-1	
2023-10-11	10:55:59	-2.07964e1	1.48459e-2	-6.38722e1	5.16168e1	7.49755e1	-4.5951604e-3	1.2451410e-4	2.4140596e1	7.3044157e-1	
2023-10-11	10:56:00	-2.08648e1	1.64587e-2	-6.30971e1	5.16234e1	7.50237e1	-4.6137571e-3	1.3810396e-4	2.4165773e1	7.3370552e-1	
2023-10-11	10:56:00	-2.05427e1	2.10179e-2	-6.12451e1	5.16168e1	7.50092e1	-4.5399665e-3	1.7625093e-4	2.4143114e1	7.5452823e-1	
2023-10-11	10:56:01	-2.10539e1	1.84800e-2	-6.22300e1	5.16168e1	7.49635e1	-4.6526193e-3	1.5491247e-4	2.4167451e1	7.4434289e-1	
2023-10-11	10:56:01	-2.06102e1	1.79926e-2	-6.24308e1	5.16234e1	7.49775e1	-4.5530796e-3	1.5085935e-4	2.4122972e1	7.3819355e-1	
2023-10-11	10:56:02	-2.09080e1	1.96081e-2	-6.17780e1	5.16268e1	7.49832e1	-4.6207904e-3	1.6438961e-4	2.4132204e1	7.3024253e-1	
2023-10-11	10:56:02	-2.09080e1	1.96081e-2	-6.17780e1	5.16268e1	7.49832e1	-4.6207904e-3	1.6438961e-4	2.4132204e1	7.3024253e-1	
2023-10-11	10:56:03	-2.07317e1	1.93458e-2	-6.18755e1	5.16201e1	7.50319e1	-4.5841932e-3	1.6230344e-4	2.4147310e1	7.3776583e-1	
2023-10-11	10:56:03	-2.06753e1	8.09341e-3	-6.82692e1	5.16201e1	7.50029e1	-4.5695304e-3	6.7949295e-5	2.4169130e1	7.5740299e-1	
2023-10-11	10:56:04	-2.13316e1	2.19912e-2	-6.09017e1	5.16234e1	7.49712e1	-4.7159194e-3	1.8429756e-4	2.4134721e1	7.3412284e-1	
2023-10-11	10:56:04	-2.11354e1	2.46136e-2	-6.00265e1	5.16201e1	7.50177e1	-4.6746730e-3	2.0635128e-4	2.4144792e1	7.3118267e-1	
2023-10-11	10:56:05	-1.99104e1	1.81337e-2	-6.23683e1	5.16201e1	7.50117e1	-4.3971538e-3	1.5211105e-4	2.4170808e1	7.5619168e-1	
2023-10-11	10:56:05	-1.99104e1	1.81337e-2	-6.23683e1	5.16201e1	7.50117e1	-4.3971538e-3	1.5211105e-4	2.4170808e1	7.5619168e-1	
2023-10-11	10:56:06	-2.02527e1	1.32122e-2	-6.47367e1	5.16134e1	7.49582e1	-4.4711828e-3	1.1080503e-4	2.4177522e1	7.4077825e-1	
2023-10-11	10:56:06	-2.08269e1	1.31671e-2	-6.47604e1	5.16168e1	7.49722e1	-4.6018362e-3	1.1044740e-4	2.4139757e1	7.3226985e-1	
2023-10-11	10:56:07	-2.05365e1	1.46121e-2	-6.39870e1	5.16201e1	7.50075e1	-4.5384168e-3	1.2260675e-4	2.4171648e1	7.5510263e-1	
2023-10-11	10:56:07	-2.08572e1	1.69917e-2	-6.28637e1	5.16268e1	7.49644e1	-4.6080350e-3	1.4245510e-4	2.4121294e1	7.4499073e-1	
2023-10-11	10:56:08	-2.09266e1	2.34180e-2	-6.04175e1	5.16201e1	7.49670e1	-4.6240091e-3	1.9621849e-4	2.4164094e1	7.4009847e-1	
2023-10-11	10:56:08	-2.09266e1	2.34180e-2	-6.04175e1	5.16201e1	7.49670e1	-4.6240091e-3	1.9621849e-4	2.4164094e1	7.4009847e-1	
2023-10-11	10:56:09	-2.06987e1	1.31781e-2	-6.47526e1	5.16134e1	7.49899e1	-4.5740604e-3	1.1056661e-4	2.4114580e1	7.4478492e-1	
2023-10-11	10:56:09	-2.07249e1	8.74322e-3	-6.77240e1	5.16167e1	7.49747e1	-4.5789480e-3	7.3373317e-5	2.4168291e1	7.4482111e-1	
2023-10-11	10:56:10	-2.10279e1	1.95497e-2	-6.18059e1	5.16168e1	7.49319e1	-4.6446323e-3	1.6379356e-4	2.4130525e1	7.4637737e-1	
2023-10-11	10:56:10	-2.11643e1	1.98172e-2	-6.17010e1	5.16201e1	7.49452e1	-4.6763420e-3	1.6605854e-4	2.4169130e1	7.3807291e-1	
2023-10-11	10:56:11	-2.12034e1	1.91063e-2	-6.19742e1	5.16134e1	7.49927e1	-4.6885013e-3	1.6021728e-4	2.4132204e1	7.3692059e-1	
2023-10-11	10:56:11	-2.12034e1	1.91063e-2	-6.19742e1	5.16134e1	7.49927e1	-4.6885013e-3	1.6021728e-4	2.4132204e1	7.3692059e-1	
2023-10-11	10:56:12	-2.06503e1	1.34139e-2	-6.46223e1	5.16201e1	7.49860e1	-4.5627355e-3	1.1253356e-4	2.4112901e1	7.3024930e-1	
2023-10-11	10:56:12	-2.02511e1	1.15349e-2	-6.57228e1	5.16234e1	7.50404e1	-4.4759511e-3	9.6857547e-5	2.4128007e1	7.3854141e-1	
2023-10-11	10:56:13	-2.04212e1	1.73230e-2	-6.27170e1	5.16201e1	7.49777e1	-4.5104026e-3	1.4525651e-4	2.4142274e1	7.3902978e-1	
2023-10-11	10:56:13	-2.11909e1	2.42102e-2	-6.01580e1	5.16168e1	7.49860e1	-4.6851634e-3	2.0289421e-4	2.4121294e1	7.3835115e-1	
2023-10-11	10:56:14	-2.09573e1	2.56564e-2	-5.97046e1	5.16168e1	7.50104e1	-4.6339035e-3	2.1505355e-4	2.4130525e1	7.3525338e-1	
2023-10-11	10:56:14	-2.09573e1	2.56564e-2	-5.97046e1	5.16168e1	7.50104e1	-4.6339035e-3	2.1505355e-4	2.4130525e1	7.3525338e-1	
2023-10-11	10:56:15	-2.04811e1	1.34265e-2	-6.46144e1	5.16234e1	7.49957e1	-4.5250654e-3	1.1265277e-4	2.4161577e1	7.5311179e-1	
2023-10-11	10:56:15	-2.10364e1	6.11490e-3	-7.02329e1	5.16234e1	7.49615e1	-4.6484470e-3	5.1319599e-5	2.4108705e1	7.3891057e-1	
2023-10-11	10:56:16	-2.08030e1	1.36933e-2	-6.44712e1	5.16201e1	7.49752e1	-4.5965909e-3	1.1485815e-4	2.4130525e1	7.3183274e-1	
2023-10-11	10:56:16	-1.97237e1	1.03356e-2	-6.65197e1	5.16234e1	7.50290e1	-4.3560266e-3	8.6784362e-5	2.4162416e1	7.5810694e-1	
2023-10-11	10:56:17	-2.10065e1	1.12054e-2	-6.59412e1	5.16201e1	7.49622e1	-4.6417713e-3	9.3996524e-5	2.4175004e1	7.4175214e-1	
2023-10-11	10:56:17	-2.10065e1	1.12054e-2	-6.59412e1	5.16201e1	7.49622e1	-4.6417713e-3	9.3996524e-5	2.4175004e1	7.4175214e-1	
2023-10-11	10:56:18	-2.18897e1	1.60570e-2	-6.32875e1	5.16201e1	7.49717e1	-4.8425197e-3	1.3464689e-4	2.4156541e1	7.3937816e-1	
2023-10-11	10:56:18	-2.06453e1	1.51687e-2	-6.37098e1	5.16201e1	7.49992e1	-4.5624971e-3	1.2725591e-4	2.4126329e1	7.4254131e-1	
2023-10-11	10:56:19	-2.05812e1	1.22005e-2	-6.53247e1	5.16234e1	7.49244e1	-4.5430660e-3	1.0228157e-4	2.4161577e1	7.6700110e-1	
2023-10-11	10:56:19	-2.15613e1	1.57997e-2	-6.34180e1	5.16201e1	7.48752e1	-4.7614574e-3	1.3232231e-4	2.4168291e1	7.6723408e-1	
2023-10-11	10:56:20	-2.11733e1	1.81910e-2	-6.23594e1	5.16168e1	7.48627e1	-4.6728849e-3	1.5228986e-4	2.4170808e1	7.5501227e-1	
2023-10-11	10:56:20	-2.11733e1	1.81910e-2	-6.23594e1	5.16168e1	7.48627e1	-4.6728849e-3	1.5228986e-4	2.4170808e1	7.5501227e-1	
2023-10-11	10:56:21	-2.08190e1	1.96117e-2	-6.17864e1	5.16201e1	7.48864e1	-4.5943260e-3	1.6421079e-4	2.4114580e1	7.5240774e-1	
2023-10-11	10:56:21	-2.05603e1	1.19561e-2	-6.54754e1	5.16268e1	7.48955e1	-4.5363903e-3	1.0019540e-4	2.4126329e1	7.6105232e-1	
2023-10-11	10:56:22	-2.05801e1	1.88133e-2	-6.21052e1	5.16234e1	7.48574e1	-4.5384168e-3	1.5747547e-4	2.4162416e1	7.7165741e-1	
2023-10-11	10:56:22	-2.07802e1	1.58244e-2	-6.34113e1	5.16167e1	7.48252e1	-4.5815706e-3	1.3244152e-4	2.4116258e1	7.8000206e-1	
2023-10-11	10:56:23	-2.09488e1	1.16945e-2	-6.56471e1	5.16168e1	7.47904e1	-4.6173334e-3	9.7870826e-5	2.4111223e1	7.7431364e-1	
2023-10-11	10:56:23	-2.09488e1	1.16945e-2	-6.56471e1	5.16168e1	7.47904e1	-4.6173334e-3	9.7870826e-5	2.4111223e1	7.7431364e-1	
2023-10-11	10:56:24	-2.04647e1	1.11879e-2	-6.59689e1	5.16201e1	7.47935e1	-4.5082569e-3	9.3638896e-5	2.4122133e1	7.7815914e-1	
2023-10-11	10:56:24	-2.03026e1	1.45286e-2	-6.40523e1	5.16201e1	7.47777e1	-4.4707059e-3	1.2153387e-4	2.4154863e1	7.7827901e-1	
2023-10-11	10:56:25	-2.10398e1	2.00492e-2	-6.16300e1	5.16201e1	7.47712e1	-4.6365261e-3	1.6760826e-4	2.4172487e1	7.6792402e-1	
2023-10-11	10:56:25	-2.08838e1	9.54800e-3	-6.71119e1	5.16268e1	7.47984e1	-4.6030282e-3	7.9929828e-5	2.4101991e1	7.6394557e-1	
2023-10-11	10:56:26	-2.02967e1	7.80036e-3	-6.85471e1	5.16268e1	7.48164e1	-4.4717788e-3	6.5326690e-5	2.4120454e1	7.7372140e-1	
2023-10-11	10:56:26	-2.02967e1	7.80036e-3	-6.85471e1	5.16268e1	7.48164e1	-4.4717788e-3	6.5326690e-5	2.4120454e1	7.7372140e-1	
2023-10-11	10:56:27	-2.06161e1	1.14944e-2	-6.57723e1	5.16234e1	7.47949e1	-4.5424699e-3	9.6201896e-5	2.4137239e1	7.7509074e-1	
2023-10-11	10:56:27	-2.12106e1	2.03818e-2	-6.15032e1	5.16234e1	7.47835e1	-4.6758651e-3	1.7040967e-4	2.4134721e1	7.6409950e-1	
2023-10-11	10:56:28	-2.10037e1	5.94046e-3	-7.04448e1	5.16201e1	7.48304e1	-4.6323537e-3	4.9769878e-5	2.4109544e1	7.7277112e-1	
2023-10-11	10:56:28	-2.01754e1	4.41165e-3	-7.24740e1	5.16234e1	7.48070e1	-4.4438838e-3	3.6954879e-5	2.4143953e1	7.7805094e-1	
2023-10-11	10:56:29	-2.04608e1	1.32648e-2	-6.47246e1	5.16234e1	7.47837e1	-4.5067071e-3	1.1098384e-4	2.4132204e1	7.6931719e-1	
2023-10-11	10:56:29	-2.04608e1	1.32648e-2	-6.47246e1	5.16234e1	7.47837e1	-4.5067071e-3	1.1098384e-4	2.4132204e1	7.6931719e-1	
2023-10-11	10:56:30	-2.09889e1	1.52504e-2	-6.36889e1	5.16168e1	7.48070e1	-4.6274662e-3	1.2761354e-4	2.4146471e1	7.6942796e-1	
2023-10-11	10:56:30	-2.06099e1	9.53205e-3	-6.71228e1	5.16167e1	7.48095e1	-4.5421123e-3	7.9810619e-5	2.4133043e1	7.6970281e-1	
2023-10-11	10:56:31	-2.14854e1	1.08577e-2	-6.61848e1	5.16168e1	7.48085e1	-4.7397613e-3	9.0897083e-5	2.4109544e1	7.7141280e-1	
2023-10-11	10:56:31	-2.12241e1	1.30828e-2	-6.48243e1	5.16201e1	7.48044e1	-4.6803951e-3	1.0949373e-4	2.4138917e1	7.6873064e-1	
2023-10-11	10:56:32	-2.11102e1	1.11063e-2	-6.60201e1	5.16167e1	7.48140e1	-4.6553611e-3	9.2983245e-5	2.4117937e1	7.7279906e-1	
2023-10-11	10:56:32	-2.11102e1	1.11063e-2	-6.60201e1	5.16167e1	7.48140e1	-4.6553611e-3	9.2983245e-5	2.4117937e1	7.7279906e-1	
2023-10-11	10:56:33	-2.08593e1	9.74656e-3	-6.69638e1	5.16134e1	7.48029e1	-4.5980215e-3	8.1598758e-5	2.4117937e1	7.6710438e-1	
2023-10-11	10:56:33	-2.05642e1	1.73393e-2	-6.27263e1	5.16168e1	7.48142e1	-4.5320987e-3	1.4507770e-4	2.4127168e1	7.6695051e-1	
2023-10-11	10:56:34	-2.13381e1	7.10472e-3	-6.92055e1	5.16201e1	7.47904e1	-4.7051906e-3	5.9485435e-5	2.4172487e1	7.7389402e-1	
2023-10-11	10:56:34	-2.11358e1	1.15593e-2	-6.57319e1	5.16168e1	7.47884e1	-4.6594142e-3	9.6738338e-5	2.4140596e1	7.7273979e-1	
2023-10-11	10:56:35	-2.12362e1	8.84994e-3	-6.76549e1	5.16134e1	7.47927e1	-4.6824216e-3	7.4088573e-5	2.4129686e1	7.7208704e-1	
2023-10-11	10:56:35	-2.12362e1	8.84994e-3	-6.76549e1	5.16134e1	7.47927e1	-4.6824216e-3	7.4088573e-5	2.4129686e1	7.7208704e-1	
2023-10-11	10:56:36	-2.12065e1	8.57218e-3	-6.78817e1	5.16201e1	7.47930e1	-4.6756267e-3	7.1763992e-5	2.4119615e1	7.7244896e-1	
2023-10-11	10:56:36	-2.08341e1	1.20292e-2	-6.54407e1	5.16234e1	7.47942e1	-4.5915842e-3	1.0067224e-4	2.4144792e1	7.7513270e-1	
2023-10-11	10:56:37	-2.10878e1	1.74403e-2	-6.26829e1	5.16201e1	7.48102e1	-4.6499967e-3	1.4591217e-4	2.4127168e1	7.6822347e-1	
2023-10-11	10:56:37	-2.08768e1	1.16907e-2	-6.56471e1	5.16167e1	7.48145e1	-4.6026706e-3	9.7870826e-5	2.4138078e1	7.7199392e-1	
2023-10-11	10:56:38	-2.08530e1	1.39372e-2	-6.43569e1	5.16168e1	7.48109e1	-4.5970678e-3	1.1664628e-4	2.4117937e1	7.6931142e-1	
2023-10-11	10:56:38	-2.08530e1	1.39372e-2	-6.43569e1	5.16168e1	7.48109e1	-4.5970678e-3	1.1664628e-4	2.4117937e1	7.6931142e-1	
2023-10-11	10:56:39	-2.10758e1	1.44296e-2	-6.40998e1	5.16234e1	7.48107e1	-4.6472549e-3	1.2075901e-4	2.4163255e1	7.7065463e-1	
2023-10-11	10:56:39	-2.06100e1	9.45348e-3	-6.71819e1	5.16201e1	7.48117e1	-4.5422315e-3	7.9154968e-5	2.4130525e1	7.7776060e-1	
2023-10-11	10:56:40	-2.12645e1	1.52883e-2	-6.36715e1	5.16168e1	7.47959e1	-4.6889781e-3	1.2791156e-4	2.4122133e1	7.6202340e-1	
2023-10-11	10:56:40	-2.10737e1	1.11469e-2	-6.59922e1	5.16134e1	7.48280e1	-4.6480894e-3	9.3340873e-5	2.4113740e1	7.6912808e-1	
2023-10-11	10:56:41	-2.09273e1	1.24961e-2	-6.51600e1	5.16201e1	7.48160e1	-4.6141147e-3	1.0460615e-4	2.4154024e1	7.8063659e-1	
2023-10-11	10:56:41	-2.09273e1	1.24961e-2	-6.51600e1	5.16201e1	7.48160e1	-4.6141147e-3	1.0460615e-4	2.4154024e1	7.8063659e-1	
2023-10-11	10:56:42	-2.10430e1	1.02212e-2	-6.66246e1	5.16234e1	7.47734e1	-4.6373605e-3	8.5532665e-5	2.4140596e1	7.7699084e-1	
2023-10-11	10:56:42	-2.12866e1	9.67193e-3	-6.70216e1	5.16201e1	7.47754e1	-4.6925544e-3	8.0943107e-5	2.4107027e1	7.6086740e-1	
2023-10-11	10:56:43	-2.10293e1	1.42248e-2	-6.42033e1	5.16168e1	7.48362e1	-4.6385526e-3	1.1909008e-4	2.4135560e1	7.6910490e-1	
2023-10-11	10:56:43	-2.08402e1	3.94807e-3	-7.32167e1	5.16167e1	7.48222e1	-4.5949220e-3	3.3080577e-5	2.4124650e1	7.7787680e-1	
2023-10-11	10:56:44	-2.08163e1	4.93958e-3	-7.17113e1	5.16201e1	7.47892e1	-4.5872926e-3	4.1365623e-5	2.4132204e1	7.8413496e-1	
2023-10-11	10:56:44	-2.08163e1	4.93958e-3	-7.17113e1	5.16201e1	7.47892e1	-4.5872926e-3	4.1365623e-5	2.4132204e1	7.8413496e-1	
2023-10-11	10:56:45	-2.09173e1	1.17567e-2	-6.56116e1	5.16167e1	7.47574e1	-4.6080350e-3	9.8347663e-5	2.4128007e1	7.7475147e-1	
2023-10-11	10:56:45	-2.12177e1	1.54776e-2	-6.35815e1	5.16167e1	7.47777e1	-4.6771764e-3	1.2946128e-4	2.4174165e1	7.6522960e-1	
2023-10-11	10:56:46	-2.08737e1	1.18339e-2	-6.55588e1	5.16134e1	7.48099e1	-4.6017169e-3	9.9062919e-5	2.4149827e1	7.7691526e-1	
2023-10-11	10:56:46	-2.11787e1	1.40634e-2	-6.42929e1	5.16134e1	7.47837e1	-4.6688318e-3	1.1765956e-4	2.4133882e1	7.7655735e-1	
2023-10-11	10:56:47	-2.08160e1	1.70814e-2	-6.28418e1	5.16168e1	7.47877e1	-4.5871734e-3	1.4287233e-4	2.4120454e1	7.6002840e-1	
2023-10-11	10:56:47	-2.08160e1	1.70814e-2	-6.28418e1	5.16168e1	7.47877e1	-4.5871734e-3	1.4287233e-4	2.4120454e1	7.6002840e-1	
2023-10-11	10:56:48	-2.09261e1	1.60163e-2	-6.33207e1	5.16201e1	7.48290e1	-4.6147108e-3	1.3405084e-4	2.4117937e1	7.6235885e-1	
2023-10-11	10:56:48	-2.09365e1	8.17587e-3	-6.82135e1	5.16201e1	7.48332e1	-4.6173334e-3	6.8485736e-5	2.4117097e1	7.7290968e-1	
2023-10-11	10:56:49	-2.11112e1	1.64438e-2	-6.31266e1	5.16134e1	7.47975e1	-4.6545267e-3	1.3756752e-4	2.4137239e1	7.7796754e-1	
2023-10-11	10:56:49	-2.08719e1	1.12042e-2	-6.59598e1	5.16134e1	7.47782e1	-4.5992136e-3	9.3758106e-5	2.4122133e1	7.7229571e-1	
2023-10-11	10:56:50	-2.05524e1	9.62661e-3	-6.70535e1	5.16167e1	7.47945e1	-4.5281648e-3	8.0585479e-5	2.4171648e1	7.6346340e-1	
2023-10-11	10:56:50	-2.05524e1	9.62661e-3	-6.70535e1	5.16167e1	7.47945e1	-4.5281648e-3	8.0585479e-5	2.4171648e1	7.6346340e-1	
2023-10-11	10:56:51	-2.05450e1	1.27159e-2	-6.50313e1	5.16234e1	7.48237e1	-4.5282840e-3	1.0645389e-4	2.4131364e1	7.6726732e-1	
2023-10-11	10:56:51	-2.03947e1	5.69227e-3	-7.07398e1	5.16134e1	7.48164e1	-4.4940710e-3	4.7683715e-5	2.4115419e1	7.7701444e-1	
2023-10-11	10:56:52	-2.11542e1	7.33244e-3	-6.89842e1	5.16234e1	7.47937e1	-4.6638250e-3	6.1392784e-5	2.4141435e1	7.6753664e-1	
2023-10-11	10:56:52	-2.10926e1	4.84563e-3	-7.18397e1	5.16167e1	7.48097e1	-4.6510696e-3	4.0590763e-5	2.4108705e1	7.6787753e-1	
2023-10-11	10:56:53	-2.07201e1	1.49718e-2	-6.38260e1	5.16168e1	7.48087e1	-4.5669078e-3	1.2528896e-4	2.4126329e1	7.6422166e-1	
2023-10-11	10:56:53	-2.07201e1	1.49718e-2	-6.38260e1	5.16168e1	7.48087e1	-4.5669078e-3	1.2528896e-4	2.4126329e1	7.6422166e-1	
2023-10-11	10:56:54	-2.06444e1	1.75302e-2	-6.26430e1	5.16201e1	7.48227e1	-4.5506954e-3	1.4668703e-4	2.4124650e1	7.7128190e-1	
2023-10-11	10:56:54	-2.06503e1	1.53071e-2	-6.36610e1	5.16168e1	7.48087e1	-4.5511722e-3	1.2809038e-4	2.4144792e1	7.7682666e-1	
2023-10-11	10:56:55	-2.09873e1	1.44335e-2	-6.41000e1	5.16134e1	7.47884e1	-4.6259164e-3	1.2075901e-4	2.4105348e1	7.7501010e-1	
2023-10-11	10:56:55	-2.12080e1	2.20194e-2	-6.09092e1	5.16201e1	7.48020e1	-4.6765804e-3	1.8411874e-4	2.4164934e1	7.7129511e-1	
2023-10-11	10:56:56	-2.09719e1	2.58855e-2	-5.96570e1	5.16201e1	7.48024e1	-4.6232938e-3	2.1636486e-4	2.4140596e1	7.7037143e-1	
2023-10-11	10:56:56	-2.09719e1	2.58855e-2	-5.96570e1	5.16201e1	7.48024e1	-4.6232938e-3	2.1636486e-4	2.4140596e1	7.7037143e-1	
2023-10-11	10:56:57	-2.14071e1	1.87420e-2	-6.21398e1	5.16201e1	7.47997e1	-4.7214031e-3	1.5676021e-4	2.4107866e1	7.6873583e-1	
2023-10-11	10:56:57	-2.12983e1	1.42148e-2	-6.42108e1	5.16134e1	7.48127e1	-4.6977996e-3	1.1897087e-4	2.4141435e1	7.7488451e-1	
2023-10-11	10:56:58	-2.08297e1	1.25491e-2	-6.51310e1	5.16101e1	7.47952e1	-4.5908689e-3	1.0502338e-4	2.4106187e1	7.6409740e-1	
2023-10-11	10:56:58	-2.12409e1	1.46486e-2	-6.39871e1	5.16168e1	7.48199e1	-4.6852827e-3	1.2260675e-4	2.4105348e1	7.6547632e-1	
2023-10-11	10:56:59	-2.11595e1	1.44050e-2	-6.41109e1	5.16167e1	7.48257e1	-4.6672821e-3	1.2058019e-4	2.4106187e1	7.7508378e-1	
2023-10-11	10:56:59	-2.11595e1	1.44050e-2	-6.41109e1	5.16167e1	7.48257e1	-4.6672821e-3	1.2058019e-4	2.4106187e1	7.7508378e-1	
2023-10-11	10:57:00	-2.11016e1	8.05073e-3	-6.83254e1	5.16134e1	7.48034e1	-4.6527385e-3	6.7412853e-5	2.4133882e1	7.7449417e-1	
2023-10-11	10:57:00	-2.10665e1	8.19449e-3	-6.82013e1	5.16134e1	7.47917e1	-4.6440362e-3	6.8604946e-5	2.4119615e1	7.7138433e-1	
2023-10-11	10:57:01	-2.02564e1	1.96333e-2	-6.17864e1	5.16201e1	7.48044e1	-4.4620037e-3	1.6421079e-4	2.4117097e1	7.7492723e-1	
2023-10-11	10:57:01	-2.05651e1	1.34494e-2	-6.46224e1	5.16168e1	7.47872e1	-4.5305490e-3	1.1253356e-4	2.4122133e1	7.7119693e-1	
2023-10-11	10:57:02	-2.05179e1	9.18445e-3	-6.73898e1	5.16168e1	7.47969e1	-4.5205354e-3	7.6889991e-5	2.4133882e1	7.7028474e-1	
2023-10-11	10:57:02	-2.05179e1	9.18445e-3	-6.73898e1	5.16168e1	7.47969e1	-4.5205354e-3	7.6889991e-5	2.4133882e1	7.7028474e-1	
2023-10-11	10:57:03	-2.06775e1	9.60398e-3	-6.70694e1	5.16201e1	7.48050e1	-4.5570135e-3	8.0406665e-5	2.4138917e1	7.7012853e-1	
2023-10-11	10:57:03	-2.09802e1	6.91818e-3	-6.93901e1	5.16201e1	7.48047e1	-4.6253204e-3	5.7935714e-5	2.4173326e1	7.6930522e-1	
2023-10-11	10:57:04	-2.00985e1	1.10960e-2	-6.60293e1	5.16201e1	7.47884e1	-4.4254064e-3	9.2864036e-5	2.4144792e1	7.7693185e-1	
2023-10-11	10:57:04	-2.12684e1	1.57057e-2	-6.34720e1	5.16234e1	7.47807e1	-4.6887397e-3	1.3136863e-4	2.4125490e1	7.5957818e-1	
2023-10-11	10:57:05	-2.13581e1	1.69290e-2	-6.29049e1	5.16201e1	7.48309e1	-4.7124624e-3	1.4168024e-4	2.4122133e1	7.5513324e-1	
2023-10-11	10:57:05	-2.13581e1	1.69290e-2	-6.29049e1	5.16201e1	7.48309e1	-4.7124624e-3	1.4168024e-4	2.4122133e1	7.5513324e-1	
2023-10-11	10:57:06	-2.06983e1	1.34017e-2	-6.46419e1	5.16201e1	7.48550e1	-4.5650005e-3	1.1223554e-4	2.4146471e1	7.6718406e-1	
2023-10-11	10:57:06	-2.02761e1	1.10616e-2	-6.60478e1	5.16268e1	7.48294e1	-4.4679641e-3	9.2625617e-5	2.4143953e1	7.6562051e-1	
2023-10-11	10:57:07	-2.09776e1	1.50862e-2	-6.37695e1	5.16134e1	7.48067e1	-4.6249628e-3	1.2624263e-4	2.4171648e1	7.6673870e-1	
2023-10-11	10:57:07	-2.13668e1	1.14606e-2	-6.57905e1	5.16201e1	7.48282e1	-4.7142505e-3	9.5963478e-5	2.4164934e1	7.6918435e-1	
2023-10-11	10:57:08	-2.12727e1	6.79551e-3	-6.95133e1	5.16201e1	7.48222e1	-4.6925544e-3	5.6922435e-5	2.4163255e1	7.6281890e-1	
2023-10-11	10:57:08	-2.12727e1	6.79551e-3	-6.95133e1	5.16201e1	7.48222e1	-4.6925544e-3	5.6922435e-5	2.4163255e1	7.6281890e-1	
2023-10-11	10:57:09	-2.05246e1	6.34464e-3	-6.99881e1	5.16167e1	7.48485e1	-4.5254230e-3	5.3167343e-5	2.4114580e1	7.4271292e-1	
2023-10-11	10:57:09	-2.04544e1	8.06832e-3	-6.83003e1	5.16201e1	7.49059e1	-4.5132637e-3	6.7651271e-5	2.4159059e1	7.3522496e-1	
2023-10-11	10:57:10	-1.99604e1	8.60160e-3	-6.78404e1	5.16234e1	7.49714e1	-4.4058561e-3	7.2181224e-5	2.4167451e1	7.5462059e-1	
2023-10-11	10:57:10	-2.09275e1	8.88303e-3	-6.76148e1	5.16167e1	7.49347e1	-4.6221017e-3	7.4505805e-5	2.4130525e1	7.5609302e-1	
2023-10-11	10:57:11	-2.16672e1	1.39296e-2	-6.43494e1	5.16167e1	7.49282e1	-4.7891139e-3	1.1676549e-4	2.4122133e1	7.5407652e-1	
2023-10-11	10:57:11	-2.16672e1	1.39296e-2	-6.43494e1	5.16167e1	7.49282e1	-4.7891139e-3	1.1676549e-4	2.4122133e1	7.5407652e-1	
2023-10-11	10:57:12	-2.07972e1	9.22732e-3	-6.73456e1	5.16167e1	7.49114e1	-4.5911073e-3	7.7366828e-5	2.4099473e1	7.6891021e-1	
2023-10-11	10:57:12	-2.03464e1	1.11424e-2	-6.59921e1	5.16201e1	7.48592e1	-4.4858455e-3	9.3340873e-5	2.4131364e1	7.7466287e-1	
2023-10-11	10:57:13	-2.09720e1	1.59097e-2	-6.33709e1	5.16201e1	7.48272e1	-4.6249628e-3	1.3315677e-4	2.4128007e1	7.8019976e-1	
2023-10-11	10:57:13	-2.11401e1	1.09533e-2	-6.61231e1	5.16201e1	7.47892e1	-4.6603679e-3	9.1671943e-5	2.4105348e1	7.6360616e-1	
2023-10-11	10:57:14	-2.13209e1	1.26518e-2	-6.50685e1	5.16201e1	7.48229e1	-4.7035217e-3	1.0591745e-4	2.4125490e1	7.6165347e-1	
2023-10-11	10:57:14	-2.13209e1	1.26518e-2	-6.50685e1	5.16201e1	7.48229e1	-4.7035217e-3	1.0591745e-4	2.4125490e1	7.6165347e-1	
2023-10-11	10:57:15	-2.05230e1	5.35621e-3	-7.11550e1	5.16167e1	7.48377e1	-4.5243501e-3	4.4882297e-5	2.4101152e1	7.7433595e-1	
2023-10-11	10:57:15	-2.08443e1	6.18856e-3	-7.01612e1	5.16134e1	7.48417e1	-4.5971870e-3	5.1856040e-5	2.4141435e1	7.8941164e-1	
2023-10-11	10:57:16	-2.12368e1	1.08264e-2	-6.61849e1	5.16101e1	7.50230e1	-4.6981573e-3	9.0897083e-5	2.4132204e1	7.8495893e-1	
2023-10-11	10:57:16	-1.95290e1	2.47941e-3	-7.62200e1	5.16234e1	7.53402e1	-4.3313503e-3	2.0921230e-5	2.4134721e1	7.7784051e-1	
2023-10-11	10:57:17	-2.02537e1	-1.39658e-3	-2.73149e2	5.16168e1	7.54207e1	-4.5011043e-3	-1.1801719e-5	2.4103670e1	7.7275967e-1	
2023-10-11	10:57:17	-2.02537e1	-1.39658e-3	-2.73149e2	5.16168e1	7.54207e1	-4.5011043e-3	-1.1801719e-5	2.4103670e1	7.7275967e-1	
2023-10-11	10:57:18	-2.08542e1	5.35248e-3	-7.11008e1	5.16134e1	7.54857e1	-4.6421289e-3	4.5239925e-5	2.4107027e1	7.7882041e-1	
2023-10-11	10:57:18	-2.07545e1	9.60575e-3	-6.70007e1	5.16134e1	7.55104e1	-4.6210289e-3	8.1181526e-5	2.4105348e1	7.8167300e-1	
2023-10-11	10:57:19	-2.11778e1	2.36961e-2	-6.02683e1	5.16201e1	7.55297e1	-4.7187805e-3	2.0003318e-4	2.4117937e1	7.8476548e-1	
2023-10-11	10:57:19	-2.07733e1	1.70826e-2	-6.27668e1	5.16168e1	7.55312e1	-4.6266317e-3	1.4430284e-4	2.4133043e1	7.8767709e-1	
2023-10-11	10:57:20	-2.08207e1	1.12684e-2	-6.58451e1	5.16168e1	7.55352e1	-4.6377182e-3	9.5248222e-5	2.4128847e1	7.8014082e-1	
2023-10-11	10:57:20	-2.08207e1	1.12684e-2	-6.58451e1	5.16168e1	7.55352e1	-4.6377182e-3	9.5248222e-5	2.4128847e1	7.8014082e-1	
2023-10-11	10:57:21	-2.09740e1	1.66522e-2	-6.29560e1	5.16134e1	7.55589e1	-4.6743154e-3	1.4072656e-4	2.4118776e1	7.7243084e-1	
2023-10-11	10:57:21	-2.04805e1	1.69605e-2	-6.28138e1	5.16134e1	7.56017e1	-4.5645236e-3	1.4340877e-4	2.4120454e1	7.7878551e-1	
2023-10-11	10:57:22	-2.08887e1	5.78350e-3	-7.05616e1	5.16101e1	7.55692e1	-4.6555995e-3	4.8935413e-5	2.4175844e1	7.8703355e-1	
2023-10-11	10:57:22	-2.08290e1	1.85651e-2	-6.21343e1	5.16168e1	7.55679e1	-4.6417713e-3	1.5687942e-4	2.4133882e1	7.8328065e-1	
2023-10-11	10:57:23	-2.05283e1	1.77502e-2	-6.24730e1	5.16167e1	7.55777e1	-4.5738220e-3	1.5002489e-4	2.4134721e1	7.8468379e-1	
2023-10-11	10:57:23	-2.05283e1	1.77502e-2	-6.24730e1	5.16167e1	7.55777e1	-4.5738220e-3	1.5002489e-4	2.4134721e1	7.8468379e-1	
2023-10-11	10:57:24	-2.07198e1	1.18402e-2	-6.54800e1	5.16167e1	7.55804e1	-4.6176910e-3	1.0013580e-4	2.4117937e1	7.7793779e-1	
2023-10-11	10:57:24	-2.07927e1	1.26136e-2	-6.50150e1	5.16234e1	7.55989e1	-4.6354532e-3	1.0669231e-4	2.4112062e1	7.7254796e-1	
2023-10-11	10:57:25	-2.01484e1	1.33712e-3	-8.00784e1	5.16168e1	7.56122e1	-4.4894218e-3	1.1324882e-5	2.4105348e1	7.8312606e-1	
2023-10-11	10:57:25	-2.05523e1	4.28064e-3	-7.26058e1	5.16134e1	7.56009e1	-4.5808553e-3	3.6239624e-5	2.4096956e1	7.8582811e-1	
2023-10-11	10:57:26	-2.11111e1	1.50780e-2	-6.36960e1	5.16134e1	7.55897e1	-4.7076940e-3	1.2749433e-4	2.4113740e1	7.8210406e-1	
2023-10-11	10:57:26	-2.11111e1	1.50780e-2	-6.36960e1	5.16134e1	7.55897e1	-4.7076940e-3	1.2749433e-4	2.4113740e1	7.8210406e-1	
2023-10-11	10:57:27	-2.07042e1	8.79795e-3	-6.76206e1	5.16134e1	7.55975e1	-4.6153068e-3	7.4446201e-5	2.4106187e1	7.8838863e-1	
2023-10-11	10:57:27	-2.01863e1	5.44456e-3	-7.09754e1	5.16201e1	7.55802e1	-4.4959783e-3	4.6074390e-5	2.4145631e1	7.8278808e-1	
2023-10-11	10:57:28	-2.09451e1	1.17089e-2	-6.55587e1	5.16201e1	7.56092e1	-4.6709775e-3	9.9062919e-5	2.4142274e1	7.8639831e-1	
2023-10-11	10:57:28	-2.04082e1	4.16859e-3	-7.27848e1	5.16168e1	7.55899e1	-4.5472383e-3	3.5285949e-5	2.4107866e1	7.7933354e-1	
2023-10-11	10:57:29	-2.09110e1	5.71744e-3	-7.06374e1	5.16167e1	7.56054e1	-4.6629905e-3	4.8398971e-5	2.4106187e1	7.7181491e-1	
2023-10-11	10:57:29	-2.09110e1	5.71744e-3	-7.06374e1	5.16167e1	7.56054e1	-4.6629905e-3	4.8398971e-5	2.4106187e1	7.7181491e-1	
2023-10-11	10:57:30	-2.08580e1	1.08310e-2	-6.61233e1	5.16168e1	7.56317e1	-4.6526193e-3	9.1671943e-5	2.4131364e1	7.7891225e-1	
2023-10-11	10:57:30	-2.02999e1	1.11435e-2	-6.59184e1	5.16134e1	7.56157e1	-4.5242309e-3	9.4294548e-5	2.4132204e1	7.8238034e-1	
2023-10-11	10:57:31	-2.05974e1	5.44420e-3	-7.09754e1	5.16201e1	7.55852e1	-4.5900344e-3	4.6074390e-5	2.4138917e1	7.9286842e-1	
2023-10-11	10:57:31	-2.08245e1	8.69601e-3	-6.77067e1	5.16168e1	7.55652e1	-4.6405792e-3	7.3552131e-5	2.4138917e1	7.8450660e-1	
2023-10-11	10:57:32	-2.06341e1	1.51301e-2	-6.36715e1	5.16201e1	7.55777e1	-4.5979022e-3	1.2791156e-4	2.4122972e1	7.7346920e-1	
2023-10-11	10:57:32	-2.06341e1	1.51301e-2	-6.36715e1	5.16201e1	7.55777e1	-4.5979022e-3	1.2791156e-4	2.4122972e1	7.7346920e-1	
2023-10-11	10:57:33	-2.04019e1	7.47112e-3	-6.87760e1	5.16201e1	7.56149e1	-4.5473575e-3	6.3240528e-5	2.4137239e1	7.8219752e-1	
2023-10-11	10:57:33	-2.07553e1	3.92157e-3	-7.31927e1	5.16168e1	7.55989e1	-4.6269893e-3	3.3199787e-5	2.4175004e1	7.8345575e-1	
2023-10-11	10:57:34	-2.06990e1	1.32280e-2	-6.46655e1	5.16201e1	7.55954e1	-4.6138763e-3	1.1187791e-4	2.4167451e1	7.8192491e-1	
2023-10-11	10:57:34	-2.07266e1	6.23263e-3	-7.00427e1	5.16168e1	7.55950e1	-4.6201944e-3	5.2750110e-5	2.4120454e1	7.8273034e-1	
2023-10-11	10:57:35	-2.07397e1	1.00884e-2	-6.66401e1	5.16101e1	7.55952e1	-4.6232938e-3	8.5353851e-5	2.4142274e1	7.8183279e-1	
2023-10-11	10:57:35	-2.07397e1	1.00884e-2	-6.66401e1	5.16101e1	7.55952e1	-4.6232938e-3	8.5353851e-5	2.4142274e1	7.8183279e-1	
2023-10-11	10:57:36	-2.05662e1	1.03846e-2	-6.64312e1	5.16134e1	7.55962e1	-4.5837163e-3	8.7857246e-5	2.4180879e1	7.7804450e-1	
2023-10-11	10:57:36	-2.05489e1	1.02703e-2	-6.65100e1	5.16167e1	7.56080e1	-4.5804977e-3	8.6903572e-5	2.4132204e1	7.8426618e-1	
2023-10-11	10:57:37	-2.09898e1	1.02864e-2	-6.65002e1	5.16134e1	7.55922e1	-4.6801567e-3	8.7022781e-5	2.4105348e1	7.7737016e-1	
2023-10-11	10:57:37	-2.09953e1	1.69600e-2	-6.28138e1	5.16134e1	7.56039e1	-4.6821832e-3	1.4340877e-4	2.4111223e1	7.8683404e-1	
2023-10-11	10:57:38	-2.09835e1	1.17281e-2	-6.55499e1	5.16201e1	7.55759e1	-4.6775341e-3	9.9182128e-5	2.4137239e1	7.8152112e-1	
2023-10-11	10:57:38	-2.09835e1	1.17281e-2	-6.55499e1	5.16201e1	7.55759e1	-4.6775341e-3	9.9182128e-5	2.4137239e1	7.8152112e-1	
2023-10-11	10:57:39	-2.08527e1	1.01046e-2	-6.66298e1	5.16201e1	7.55824e1	-4.6480894e-3	8.5473060e-5	2.4139757e1	7.8128190e-1	
2023-10-11	10:57:39	-2.06308e1	5.11941e-3	-7.13951e1	5.16168e1	7.55940e1	-4.5982599e-3	4.3332576e-5	2.4134721e1	7.8191399e-1	
2023-10-11	10:57:40	-2.04565e1	1.00213e-2	-6.66855e1	5.16101e1	7.56227e1	-4.5604705e-3	8.4817409e-5	2.4112062e1	7.7923970e-1	
2023-10-11	10:57:40	-2.03783e1	8.76831e-3	-6.76434e1	5.16168e1	7.56107e1	-4.5417547e-3	7.4207782e-5	2.4143114e1	7.7939519e-1	
2023-10-11	10:57:41	-2.08094e1	1.22232e-2	-6.52441e1	5.16201e1	7.56129e1	-4.6402215e-3	1.0341405e-4	2.4119615e1	7.8598875e-1	
2023-10-11	10:57:41	-2.08094e1	1.22232e-2	-6.52441e1	5.16201e1	7.56129e1	-4.6402215e-3	1.0341405e-4	2.4119615e1	7.8598875e-1	
2023-10-11	10:57:42	-2.09070e1	1.16481e-2	-6.55984e1	5.16168e1	7.55907e1	-4.6610832e-3	9.8526477e-5	2.4120454e1	7.9177026e-1	
2023-10-11	10:57:42	-2.08786e1	9.40898e-3	-6.71444e1	5.16168e1	7.55607e1	-4.6526193e-3	7.9572200e-5	2.4112901e1	7.8687353e-1	
2023-10-11	10:57:43	-2.09233e1	1.33801e-2	-6.45835e1	5.16167e1	7.55725e1	-4.6635866e-3	1.1312961e-4	2.4137239e1	7.8290281e-1	
2023-10-11	10:57:43	-2.06161e1	1.02245e-2	-6.65447e1	5.16201e1	7.55819e1	-4.5940876e-3	8.6486339e-5	2.4153184e1	7.8046126e-1	
2023-10-11	10:57:44	-2.04629e1	1.01527e-2	-6.65946e1	5.16201e1	7.55914e1	-4.5597553e-3	8.5890293e-5	2.4105348e1	7.8394198e-1	
2023-10-11	10:57:44	-2.04629e1	1.01527e-2	-6.65946e1	5.16201e1	7.55914e1	-4.5597553e-3	8.5890293e-5	2.4105348e1	7.8394198e-1	
2023-10-11	10:57:45	-2.06289e1	3.78841e-3	-7.34241e1	5.16167e1	7.55859e1	-4.5973062e-3	3.2067298e-5	2.4108705e1	7.7901668e-1	
2023-10-11	10:57:45	-2.09293e1	9.03745e-3	-6.74289e1	5.16134e1	7.55992e1	-4.6668052e-3	7.6472759e-5	2.4114580e1	7.7322697e-1	
2023-10-11	10:57:46	-2.09493e1	4.89316e-3	-7.17015e1	5.16201e1	7.56072e1	-4.6718120e-3	4.1425228e-5	2.4134721e1	7.8861560e-1	
2023-10-11	10:57:46	-2.08604e1	7.50268e-3	-6.87496e1	5.16168e1	7.55802e1	-4.6497583e-3	6.3478946e-5	2.4125490e1	7.8883056e-1	
2023-10-11	10:57:47	-2.09994e1	1.29568e-2	-6.48205e1	5.16134e1	7.55702e1	-4.6808719e-3	1.0955333e-4	2.4133043e1	7.7814078e-1	
2023-10-11	10:57:47	-2.09994e1	1.29568e-2	-6.48205e1	5.16134e1	7.55702e1	-4.6808719e-3	1.0955333e-4	2.4133043e1	7.7814078e-1	
2023-10-11	10:57:48	-2.11646e1	1.42368e-2	-6.41219e1	5.16234e1	7.55982e1	-4.7203302e-3	1.2040138e-4	2.4116258e1	7.7865352e-1	
2023-10-11	10:57:48	-2.03288e1	8.59317e-3	-6.77878e1	5.16201e1	7.56019e1	-4.5298337e-3	7.2717666e-5	2.4140596e1	7.8649177e-1	
2023-10-11	10:57:49	-2.13280e1	8.77182e-3	-6.76434e1	5.16167e1	7.55804e1	-4.7565698e-3	7.4207782e-5	2.4173326e1	7.8112387e-1	
2023-10-11	10:57:49	-2.06786e1	1.03570e-2	-6.64507e1	5.16201e1	7.55935e1	-4.6091079e-3	8.7618827e-5	2.4123811e1	7.8781633e-1	
2023-10-11	10:57:50	-2.00970e1	4.91681e-3	-7.16723e1	5.16168e1	7.55677e1	-4.4748783e-3	4.1604042e-5	2.4141435e1	7.8344984e-1	
2023-10-11	10:57:50	-2.00970e1	4.91681e-3	-7.16723e1	5.16168e1	7.55677e1	-4.4748783e-3	4.1604042e-5	2.4141435e1	7.8344984e-1	
2023-10-11	10:57:51	-2.07402e1	1.33081e-2	-6.46225e1	5.16134e1	7.55797e1	-4.6223402e-3	1.1253356e-4	2.4106187e1	7.7205991e-1	
2023-10-11	10:57:51	-2.08637e1	1.41200e-2	-6.41811e1	5.16168e1	7.56174e1	-4.6529769e-3	1.1944770e-4	2.4133043e1	7.7707118e-1	
2023-10-11	10:57:52	-2.05913e1	1.08154e-2	-6.61374e1	5.16201e1	7.55937e1	-4.5892000e-3	9.1493129e-5	2.4123811e1	7.8508467e-1	
2023-10-11	10:57:52	-2.02903e1	1.22284e-2	-6.52441e1	5.16201e1	7.55807e1	-4.5197010e-3	1.0341405e-4	2.4136400e1	7.8801255e-1	
2023-10-11	10:57:53	-2.02330e1	1.39047e-2	-6.43005e1	5.16134e1	7.55597e1	-4.5053958e-3	1.1754035e-4	2.4143953e1	7.8921532e-1	
2023-10-11	10:57:53	-2.02330e1	1.39047e-2	-6.43005e1	5.16134e1	7.55597e1	-4.5053958e-3	1.1754035e-4	2.4143953e1	7.8921532e-1	
2023-10-11	10:57:54	-2.08157e1	1.01080e-2	-6.66298e1	5.16201e1	7.55567e1	-4.6379566e-3	8.5473060e-5	2.4126329e1	7.7185559e-1	
2023-10-11	10:57:54	-2.06981e1	9.68408e-3	-6.69323e1	5.16201e1	7.56167e1	-4.6150684e-3	8.1956386e-5	2.4147310e1	7.6296563e-1	
2023-10-11	10:57:55	-2.07599e1	5.67119e-3	-7.06883e1	5.16201e1	7.56592e1	-4.6319961e-3	4.8041343e-5	2.4139757e1	7.6403474e-1	
2023-10-11	10:57:55	-2.10755e1	5.59909e-3	-7.07742e1	5.16201e1	7.56822e1	-4.7056674e-3	4.7445297e-5	2.4133043e1	7.5749082e-1	
2023-10-11	10:57:56	-2.03189e1	1.15543e-2	-6.56471e1	5.16201e1	7.56977e1	-4.5337677e-3	9.7870826e-5	2.4123811e1	7.6918554e-1	
2023-10-11	10:57:56	-2.03189e1	1.15543e-2	-6.56471e1	5.16201e1	7.56977e1	-4.5337677e-3	9.7870826e-5	2.4123811e1	7.6918554e-1	
2023-10-11	10:57:57	-2.02160e1	1.25443e-2	-6.50480e1	5.16201e1	7.56754e1	-4.5088529e-3	1.0621547e-4	2.4171648e1	7.6918478e-1	
2023-10-11	10:57:57	-2.07201e1	7.67669e-3	-6.85797e1	5.16168e1	7.56717e1	-4.6237707e-3	6.5028667e-5	2.4170808e1	7.7310190e-1	
2023-10-11	10:57:58	-2.05087e1	2.07407e-2	-6.12765e1	5.16167e1	7.57012e1	-4.5773983e-3	1.7553567e-4	2.4168291e1	7.5068321e-1	
2023-10-11	10:57:58	-2.00839e1	1.03384e-2	-6.64508e1	5.16167e1	7.57287e1	-4.4821500e-3	8.7618827e-5	2.4171648e1	7.6775665e-1	
2023-10-11	10:57:59	-2.03510e1	1.20112e-2	-6.53635e1	5.16134e1	7.57025e1	-4.5415163e-3	1.0174512e-4	2.4118776e1	7.4480528e-1	
2023-10-11	10:57:59	-2.03510e1	1.20112e-2	-6.53635e1	5.16134e1	7.57025e1	-4.5415163e-3	1.0174512e-4	2.4118776e1	7.4480528e-1	
2023-10-11	10:58:00	-2.09419e1	1.29620e-2	-6.48004e1	5.16168e1	7.57462e1	-4.6794414e-3	1.0985136e-4	2.4150667e1	7.3774538e-1	
2023-10-11	10:58:00	-2.07771e1	8.93589e-3	-6.74903e1	5.16168e1	7.58030e1	-4.6454668e-3	7.5817108e-5	2.4159059e1	7.3894920e-1	
2023-10-11	10:58:01	-2.03398e1	9.88313e-3	-6.67719e1	5.16201e1	7.57657e1	-4.5429468e-3	8.3804130e-5	2.4111223e1	7.4985837e-1	
2023-10-11	10:58:01	-2.10502e1	1.46010e-2	-6.39186e1	5.16268e1	7.57594e1	-4.7049522e-3	1.2373924e-4	2.4165773e1	7.5629549e-1	
2023-10-11	10:58:02	-2.08457e1	1.19695e-2	-6.53848e1	5.16201e1	7.57447e1	-4.6572685e-3	1.0144710e-4	2.4141435e1	7.5998406e-1	
2023-10-11	10:58:02	-2.08457e1	1.19695e-2	-6.53848e1	5.16201e1	7.57447e1	-4.6572685e-3	1.0144710e-4	2.4141435e1	7.5998406e-1	
2023-10-11	10:58:03	-2.04569e1	1.12528e-2	-6.58359e1	5.16201e1	7.57354e1	-4.5677423e-3	9.5367431e-5	2.4148988e1	7.5764799e-1	
2023-10-11	10:58:03	-2.08405e1	1.33539e-2	-6.45833e1	5.16234e1	7.57222e1	-4.6545267e-3	1.1312961e-4	2.4146471e1	7.6571660e-1	
2023-10-11	10:58:04	-2.05570e1	9.63340e-3	-6.69636e1	5.16268e1	7.56839e1	-4.5871734e-3	8.1598758e-5	2.4138917e1	7.5507059e-1	
2023-10-11	10:58:04	-2.07508e1	1.09878e-2	-6.60107e1	5.16234e1	7.57187e1	-4.6337842e-3	9.3102455e-5	2.4172487e1	7.4979944e-1	
2023-10-11	10:58:05	-2.03482e1	1.07943e-2	-6.61374e1	5.16201e1	7.57417e1	-4.5433044e-3	9.1493129e-5	2.4159898e1	7.6479873e-1	
2023-10-11	10:58:05	-2.03482e1	1.07943e-2	-6.61374e1	5.16201e1	7.57417e1	-4.5433044e-3	9.1493129e-5	2.4159898e1	7.6479873e-1	
2023-10-11	10:58:06	-2.03650e1	1.04806e-2	-6.63530e1	5.16201e1	7.57190e1	-4.5456886e-3	8.8810920e-5	2.4111223e1	7.4960370e-1	
2023-10-11	10:58:06	-2.08539e1	8.24013e-3	-6.80730e1	5.16234e1	7.57372e1	-4.6585798e-3	6.9856643e-5	2.4168291e1	7.5501751e-1	
2023-10-11	10:58:07	-2.05506e1	1.43781e-2	-6.40342e1	5.16234e1	7.57457e1	-4.5897960e-3	1.2183189e-4	2.4169969e1	7.4172868e-1	
2023-10-11	10:58:07	-2.05563e1	8.07253e-3	-6.82135e1	5.16234e1	7.57912e1	-4.5940876e-3	6.8485736e-5	2.4125490e1	7.3829631e-1	
2023-10-11	10:58:08	-2.02059e1	4.95143e-3	-7.16043e1	5.16234e1	7.57937e1	-4.5140981e-3	4.2021274e-5	2.4138917e1	7.3466405e-1	
2023-10-11	10:58:08	-2.02059e1	4.95143e-3	-7.16043e1	5.16234e1	7.57937e1	-4.5140981e-3	4.2021274e-5	2.4138917e1	7.3466405e-1	
2023-10-11	10:58:09	-2.00265e1	8.66483e-3	-6.77065e1	5.16234e1	7.58384e1	-4.4759511e-3	7.3552131e-5	2.4167451e1	7.4056749e-1	
2023-10-11	10:58:09	-2.01388e1	4.06527e-3	-7.29336e1	5.16201e1	7.58089e1	-4.4997930e-3	3.4511089e-5	2.4163255e1	7.6436419e-1	
2023-10-11	10:58:10	-2.08214e1	1.65405e-2	-6.29847e1	5.16167e1	7.57792e1	-4.6540498e-3	1.4019012e-4	2.4121294e1	7.3963646e-1	
2023-10-11	10:58:10	-2.05776e1	1.21971e-2	-6.52399e1	5.16201e1	7.58182e1	-4.6007633e-3	1.0347366e-4	2.4152345e1	7.3430738e-1	
2023-10-11	10:58:11	-2.05084e1	5.32952e-3	-7.11005e1	5.16268e1	7.58140e1	-4.5845508e-3	4.5239925e-5	2.4160737e1	7.5894632e-1	
2023-10-11	10:58:11	-2.05084e1	5.32952e-3	-7.11005e1	5.16268e1	7.58140e1	-4.5845508e-3	4.5239925e-5	2.4160737e1	7.5894632e-1	
2023-10-11	10:58:12	-2.07687e1	1.16832e-2	-6.55587e1	5.16201e1	7.57752e1	-4.6416521e-3	9.9062919e-5	2.4107866e1	7.4971427e-1	
2023-10-11	10:58:12	-2.09332e1	1.74740e-2	-6.25730e1	5.16134e1	7.57630e1	-4.6786069e-3	1.4805793e-4	2.4164934e1	7.5641293e-1	
2023-10-11	10:58:13	-2.08893e1	1.72764e-2	-6.26646e1	5.16201e1	7.57042e1	-4.6645402e-3	1.4626979e-4	2.4137239e1	7.5402235e-1	
2023-10-11	10:58:13	-2.05409e1	1.76512e-2	-6.25000e1	5.16234e1	7.57305e1	-4.5865774e-3	1.4948844e-4	2.4164094e1	7.4315834e-1	
2023-10-11	10:58:14	-2.00890e1	7.65153e-3	-6.85925e1	5.16201e1	7.57819e1	-4.4866800e-3	6.4909458e-5	2.4148988e1	7.4046969e-1	
2023-10-11	10:58:14	-2.00890e1	7.65153e-3	-6.85925e1	5.16201e1	7.57819e1	-4.4866800e-3	6.4909458e-5	2.4148988e1	7.4046969e-1	
2023-10-11	10:58:15	-2.00352e1	3.39179e-3	-7.41391e1	5.16167e1	7.57907e1	-4.4749975e-3	2.8789043e-5	2.4118776e1	7.3541207e-1	
2023-10-11	10:58:15	-1.98745e1	7.47793e-3	-6.87497e1	5.16134e1	7.58294e1	-4.4407844e-3	6.3478946e-5	2.4134721e1	7.4361367e-1	
2023-10-11	10:58:16	-2.05305e1	1.31037e-2	-6.47171e1	5.16101e1	7.57802e1	-4.5876502e-3	1.1110305e-4	2.4140596e1	7.5108761e-1	
2023-10-11	10:58:16	-2.05932e1	1.34802e-2	-6.45099e1	5.16167e1	7.57630e1	-4.6007633e-3	1.1426210e-4	2.4149827e1	7.6514883e-1	
2023-10-11	10:58:17	-2.04914e1	5.64604e-3	-7.07140e1	5.16201e1	7.57132e1	-4.5741796e-3	4.7862529e-5	2.4169130e1	7.6870846e-1	
2023-10-11	10:58:17	-2.04914e1	5.64604e-3	-7.07140e1	5.16201e1	7.57132e1	-4.5741796e-3	4.7862529e-5	2.4169130e1	7.6870846e-1	
2023-10-11	10:58:18	-2.10211e1	8.88363e-3	-6.75410e1	5.16168e1	7.57089e1	-4.6950578e-3	7.5280666e-5	2.4137239e1	7.4881606e-1	
2023-10-11	10:58:18	-2.11527e1	1.43068e-2	-6.40709e1	5.16134e1	7.57480e1	-4.7278404e-3	1.2123584e-4	2.4179201e1	7.4144244e-1	
2023-10-11	10:58:19	-2.00584e1	-7.15927e-4	-2.73149e2	5.16167e1	7.57972e1	-4.4807195e-3	-6.0796737e-6	2.4159898e1	7.4607949e-1	
2023-10-11	10:58:19	-2.04059e1	2.46419e-3	-7.62202e1	5.16168e1	7.58039e1	-4.5605897e-3	2.0921230e-5	2.4112062e1	7.4364080e-1	
2023-10-11	10:58:20	-2.00139e1	1.23700e-2	-6.51391e1	5.16234e1	7.57940e1	-4.4702291e-3	1.0490417e-4	2.4169969e1	7.5469627e-1	
2023-10-11	10:58:20	-2.00139e1	1.23700e-2	-6.51391e1	5.16234e1	7.57940e1	-4.4702291e-3	1.0490417e-4	2.4169969e1	7.5469627e-1	
2023-10-11	10:58:21	-2.01831e1	8.51698e-3	-6.78347e1	5.16201e1	7.57774e1	-4.5078992e-3	7.2240829e-5	2.4162416e1	7.4371199e-1	
2023-10-11	10:58:21	-2.08914e1	4.55833e-3	-7.21657e1	5.16168e1	7.57857e1	-4.6705007e-3	3.8683414e-5	2.4131364e1	7.3800735e-1	
2023-10-11	10:58:22	-2.04433e1	6.45982e-3	-6.97735e1	5.16168e1	7.58225e1	-4.5703649e-3	5.4836273e-5	2.4156541e1	7.6068630e-1	
2023-10-11	10:58:22	-2.05698e1	1.58444e-2	-6.33076e1	5.16168e1	7.57737e1	-4.5961141e-3	1.3428926e-4	2.4124650e1	7.4828190e-1	
2023-10-11	10:58:23	-2.08723e1	1.04316e-2	-6.63823e1	5.16168e1	7.57672e1	-4.6648979e-3	8.8453292e-5	2.4162416e1	7.6151885e-1	
2023-10-11	10:58:23	-2.08723e1	1.04316e-2	-6.63823e1	5.16168e1	7.57672e1	-4.6648979e-3	8.8453292e-5	2.4162416e1	7.6151885e-1	
2023-10-11	10:58:24	-2.03381e1	2.89530e-3	-7.51820e1	5.16234e1	7.57337e1	-4.5404434e-3	2.4557113e-5	2.4169969e1	7.7295517e-1	
2023-10-11	10:58:24	-2.04816e1	8.11760e-3	-6.81827e1	5.16234e1	7.56987e1	-4.5709609e-3	6.8783760e-5	2.4150667e1	7.6245660e-1	
2023-10-11	10:58:25	-2.02039e1	1.23905e-2	-6.51351e1	5.16201e1	7.57107e1	-4.5083761e-3	1.0496377e-4	2.4146471e1	7.6411600e-1	
2023-10-11	10:58:25	-2.03907e1	5.30250e-3	-7.11459e1	5.16201e1	7.56965e1	-4.5500993e-3	4.4941902e-5	2.4165773e1	7.7095360e-1	
2023-10-11	10:58:26	-2.07830e1	1.38885e-2	-6.42966e1	5.16234e1	7.56885e1	-4.6391487e-3	1.1759996e-4	2.4143953e1	7.5682363e-1	
2023-10-11	10:58:26	-2.07830e1	1.38885e-2	-6.42966e1	5.16234e1	7.56885e1	-4.6391487e-3	1.1759996e-4	2.4143953e1	7.5682363e-1	
2023-10-11	10:58:27	-2.05222e1	1.64479e-2	-6.30327e1	5.16201e1	7.57202e1	-4.5816898e-3	1.3929605e-4	2.4157381e1	7.5045294e-1	
2023-10-11	10:58:27	-2.03008e1	9.35959e-3	-6.71660e1	5.16134e1	7.57307e1	-4.5318603e-3	7.9333782e-5	2.4169969e1	7.6622571e-1	
2023-10-11	10:58:28	-2.05266e1	1.39967e-2	-6.42332e1	5.16134e1	7.57490e1	-4.5846700e-3	1.1861324e-4	2.4161577e1	7.3622870e-1	
2023-10-11	10:58:28	-2.03880e1	9.55402e-3	-6.70112e1	5.16201e1	7.58089e1	-4.5567750e-3	8.1062316e-5	2.4117937e1	7.4008202e-1	
